220017407
9218539
9218539
10452817
8951788
10797297
9232984
10279593
11182617
8843846
11675482
10626629
9590556
9831376
8083732
5501665
10808222
10854826
8729517
10041194
10033967
220068062
11341525
8509243
9814165
9408804
9880242
11037113
8881981
9062544
220068774
9280569
11706074
8220616
220065995
8881981
220036378
11645329
9704913
9387884
220017407
220066524
9648218
11443500
9387884
220003656
220067407
11256666
220023870
11185770
11140480
10644571
220023187
11430290
10199917
220066598
9611978
220066640
220066060
11240426
10046791
220064473
8582128
220064447
10749146
9387884
10303780
220063236
220064464
11472252
10010872
8753192
10409552
220023212
11482476
11218613
220067407
10135400
10946388
10929367
10779351
10661600
11646524
11201654
10210153
8084656
220066532
10649947
8582079
8555523
220051896
8326516
11745527
7693662
11521263
220065661
9975401
9142835
9373821
220023220
220056300
8699567
10932436
9514387
9513042
11368964
9579654
10213590
8863443
9921702
10062503
10633082
8070745
10946388
8374680
9176996
10995006
11192207
11244106
11244199
11441597
10130792
220066542
10065065
220023212
8692120
220066509
11434869
9896101
11471859
11472083
11645438
11645447
11645630
220000627
11684185
11576526
9520413
9657581
7902172
11441597
10484861
9710649
10380421
9258909
8220369
9579654
10955406
10747605
11339503
10313272
11319834
11590408
9161473
8980270
10749609
8220369
9258909
10601784
9710649
10621951
11612181
9041511
8534557
10484861
9332411
10491171
11576526
8077153
8310202
8692120
8077153
11051886
10908962
10661600
220065661
11295128
11334134
8163858
11684185
8214721
11344194
11699335
11699335
10446144
10024681
9371642
220002582
9825340
10633591
10555661
8310202
8625287
9320728
11396421
10025227
10380310
10409576
10622067
220019401
220001358
11344209
9764803
10274340
11601461
11303340
11008925
10366254
9791483
10435230
11723189
7765710
8973098
9912072
10586310
10780016
11222886
11312809
11244106
9850905
10740717
11243522
11290651
11290862
11320582
11612329
8972889
220066532
220003638
9808099
7821286
7821341
10640274
11729795
10836141
8867273
220065648
220019401
10265596
220069297
11626857
11676620
9667537
220023869
11344333
220023864
10876060
9056622
220024237
10091391
10955406
9339283
10091391
220024279
220023251
220009693
7939478
8938088
7848055
10880644
220023856
10167222
220069286
10523420
220066541
220023864
8664195
10977657
11439878
220064447
220025853
11018887
8889838
10932344
220023870
11129299
10946388
220023212
220063807
8691716
220065106
220055569
10520263
220018017
10199749
220023220
11455264
10130792
9376491
10451086
11109883
9801320
10854826
220023187
8248894
9825956
9617649
8555735
11236221
220023607
9185903
10087043
220068953
7984239
9617649
11076121
9617649
10954871
9786639
220060967
9786639
8392595
9972218
220034670
220023870
8833498
220023870
8382728
220023870
10017986
11234867
10447857
11228951
9786639
11474428
11234867
10675708
11439878
220056466
10514223
11032456
9991767
11290371
10624969
220003656
11058412
220065106
11036296
9991767
11329725
220029193
11329725
9163368
10846300
9856436
11129886
11129886
8035904
9874153
10792469
11708333
220001358
220007557
220005699
11394544
10243713
10224684
11129886
11589581
10732017
11471782
11290413
11290413
8129602
220008843
220061056
220065211
10067587
220064970
11329725
11290416
8555735
10073804
9972218
220062544
8266504
8833498
9874153
11129886
9818440
10073804
11243627
10822538
10243307
9451446
8370920
9781573
8993830
10945727
8889648
10224684
10702482
10243713
11472252
9548831
9548287
10153817
10555976
220057408
8340546
11068137
9911213
10554712
220064447
10622067
8819590
8962686
9387848
10555661
11545164
10830011
8345400
10790005
10790005
10790005
11281792
10790005
9022837
220055569
220001633
10740717
11065411
11109245
11263486
11109245
11394814
11711001
11325277
8376385
8370920
11471837
220056467
11521986
220060415
220062693
11684185
11497940
8938443
10790005
11362446
220022636
11535602
10633591
11081495
220003638
11032794
11319340
9467241
11244106
9863672
220006297
10790005
10105734
11162856
9520436
11584048
10696762
11612336
220059138
10512636
9643139
11552670
220041557
11755702
9950895
11585995
9824676
11755702
9467225
11687289
220064886
9205687
7834922
220025340
10717747
220025340
11334376
220025340
7834922
8228064
220064485
8629437
10091105
11613670
11032842
220066485
11385907
10044794
220032122
8816004
11613201
11184507
10749443
11184507
10749443
11217798
10625934
10817685
10481890
11287987
220051519
11447322
11307822
9954005
220054213
220031579
8083175
11669247
220002582
9603424
220057786
8423763
10973514
220024382
10958997
10519206
220051500
8880862
11598553
220069325
11184507
11206461
10991998
11362070
10206883
220065106
11542122
11421732
9305417
9336759
8209499
10933276
220030054
11053377
8209499
8501636
11710607
11710607
220018834
8209499
11219971
220053369
220030073
11360253
9879245
9117087
10569620
9117087
11711474
10198760
11431109
9954116
220064886
10866617
10851481
10692865
10976215
10409767
10568876
11333774
9498671
8026051
10239759
220029516
9954491
9331494
10409767
10052978
9343471
11135091
9833034
10586327
10223406
8031003
8649283
10078885
8419340
10215425
11259265
50204759
10127544
11041812
220068174
9309987
11054226
10201524
9609424
10239759
11592321
10134271
10842709
9783578
9582396
9149622
9878464
9989147
11054226
10250575
8132746
220040241
9149622
10873575
220047612
8629437
10927420
10668281
8082699
9080792
220068351
8013655
220046826
10753093
9360331
11033936
9880151
7995333
11612325
8184762
10734530
8013655
11563262
8582067
8184762
9564212
8013655
8083175
8013655
11705027
9824676
11585995
10842709
9079730
10512636
220060415
9777665
11634310
10347590
11370109
11070461
8862798
8882693
10896401
10943107
10120668
11191048
8338050
8069239
9215860
10384484
10186634
50214843
9652820
9833118
8418669
10966720
220030080
10062368
220042990
10315117
220066225
10532328
10585541
10668609
9004901
9213598
11047020
220048005
8382202
10822688
220002582
11047020
220019021
10720228
9712385
11250354
220029078
11450637
220044907
10020165
10058067
9783578
220047612
11513916
10734530
11480203
10896451
7806624
10044794
220033991
10215425
10524272
10896451
10551788
8337599
220048005
10896451
220056300
9373821
9716305
7799862
8208536
10524272
10896451
11582148
7997075
10116905
8352199
8429436
10818980
8290468
8316138
220000555
11439845
11511769
8021786
8559794
8177396
11513916
9935109
11575678
10881266
9932794
8842079
11120197
11184221
8539750
11588153
10567768
10082065
10796680
11184435
10053128
11184205
10594356
11184315
11184240
11679390
11184285
11061016
9768881
11184239
8569135
11384187
10585198
11237195
11516915
10132726
11169477
11217655
11588205
8307153
8947646
10515697
11245992
11332749
11613552
220039802
10973514
220069343
9283778
11471837
9032496
220061763
11613315
11472252
7925471
8677847
10555854
11613663
10044735
11079312
10622067
11613640
11245190
10577293
9544154
11397352
220001633
9264655
7969810
9544154
9544154
9474399
9974628
10492020
10838289
8791428
11528329
10574996
11075372
9625153
11508580
10569747
7925247
8036023
220062365
220061650
7746640
10569930
11119629
220066391
11613205
11613196
8852874
11613198
11613202
11613200
220014399
11613201
10024681
11613530
9819614
9117271
8933358
8365908
220069351
9000129
10109452
8365908
220068963
8182291
10533634
9306028
9504577
8275226
9965777
9293252
220006969
9505092
10759960
8432979
220050001
8258617
9467238
11384964
11281826
9721361
220041557
9058793
10600641
11613527
9851966
11060959
10883503
220040434
9742134
220023413
9131063
8348161
11607969
11439514
11217664
9759913
11217618
11613671
9293252
220069325
11040068
11583865
220069215
10240246
8228064
7912019
11070343
8750122
11040068
11243627
220026975
8600511
9609424
11439514
9271459
11405499
9721361
11580427
220040434
10810973
9531986
8474987
10197783
8364914
10860306
11613463
11613464
9474405
11061326
11245999
8109298
10976160
8442653
10921964
10266737
220068963
10593867
11119629
220068963
9467410
11317910
10555661
10001175
8551886
8774917
10058365
8199453
10405277
220069215
11281792
10770508
11656476
8471105
10896655
220069327
11493581
220065271
11234848
10846657
10488352
10886853
9287812
10266737
9439587
10405277
8337599
11005926
8474987
11493581
9776708
11119629
11439514
10722564
9010395
10838289
11679390
11005926
11260748
9336759
220064051
10336459
11542122
9563005
10632911
9925647
11234848
11745138
11194547
9628004
8328712
220034800
8642059
9834756
9964982
50013451
220045027
7968051
9404678
8177672
8505437
11318251
8883567
220044869
9356036
10708541
8173002
10392927
8441952
8269214
220039501
10399755
8201207
10674744
8041063
8280978
220044107
11683267
9467410
9733740
10347660
220032307
9664278
10991959
8416458
9219973
11647294
9313145
220036969
11035632
11138736
10405277
8369147
8571387
11301837
220030217
11010955
220030217
8367025
11263138
8648568
10436998
11131557
8652335
10503196
220041017
10150488
11119629
9328105
11178460
11127630
9065681
9361050
9467410
9467410
11178460
11647472
220039618
8624146
220038286
220038286
9733165
220048847
8360316
9289289
10282635
9417980
9009608
220032203
11435639
11246990
9119825
10980787
9654814
9289289
220068955
10847161
8399062
9354997
220065719
9568732
220027701
8338050
9824676
10782271
10699863
9852309
220065283
9725339
9716116
9404678
11473040
9009608
8787427
220047128
220047128
10436649
9404678
9725339
10676421
10907172
8879067
10676421
9278044
9525837
11118963
220065283
8319282
10889909
11348422
8815602
11338520
8219546
10803206
11397947
10825937
11394943
10152197
11507925
11613299
11225526
9725339
10678701
220039802
9585005
11302493
10152197
11214700
10900252
9205687
11613462
9963472
10089483
11099590
11613411
11645686
10141029
10824078
8834820
9811812
7859506
11041189
9737023
9708574
11217750
10892874
10736080
10115091
9136247
11554827
10566921
220032203
10254292
10226232
8430911
10115091
10566392
8805028
220037667
7901153
10195130
220037667
8174203
9847069
11683467
220036524
11683467
220052856
7907302
11507819
10127588
11595629
11516375
8767460
11617081
220019181
11159155
10704379
11149657
220040493
11359632
11688501
220004295
10704379
10141949
10921261
50013451
220069407
10011504
10115091
9979573
9760846
10918023
8070576
220036524
11009095
220041586
11009095
11245722
9047689
9385123
11352320
8432304
7817582
10331109
10115091
11421600
8374680
8607798
11362446
10907172
10432012
10062430
11301994
11521986
10933289
220069368
9895173
220004081
9534808
10859881
11674323
8280316
220016713
11350651
220060926
220060937
11515857
11674337
11674332
11500002
9314770
7994049
9915791
11613618
10576881
10487148
8031210
11510880
9553094
7827100
10533343
11524704
11584829
9450392
9098944
220059518
7760292
11290590
7977745
10277644
220064525
220067357
10411642
9545131
11637772
11338520
10713335
10907172
10399755
11259396
10118693
10566921
220062877
8653701
8193173
11490418
10888953
11756834
11757314
8619163
11217291
220064549
8865224
10907172
11757314
10419724
8024099
9393377
9039569
8487095
220059506
11281826
220032211
11047063
10165081
7785273
11258888
9236769
10005118
220022674
11434572
10846973
220038347
11569447
9250078
220055921
8600063
8968398
9943109
8923316
8737581
220042228
8767460
10814204
10131878
11242047
220037124
9695431
8737581
11536598
8026273
8767460
11174229
11637772
220069346
11326086
9233579
220043659
8507048
220039637
9852309
50183049
220021541
10400718
8851433
10519965
11242077
11277366
11510880
220003020
10620182
10453996
7785273
10219075
220042362
11448909
10005356
11005377
8240368
220033391
220003656
9678121
10453996
11592474
11592474
10149562
10997865
220034896
9680941
220003656
11613618
220064485
8558307
9915338
220033777
50143655
10062430
9110778
11516375
11242095
220018965
220018965
11159155
10951433
220058833
220018965
8859415
220003020
10374318
220003020
10851481
10149562
10323664
220020201
10854585
10400718
9349061
8365534
8308611
220034152
10790375
9030149
11541481
220016713
220045467
9271346
10088096
10279776
7805731
11696363
220066124
11290265
220069215
8283994
8023813
220035608
9848326
10593901
11499511
11499511
220043796
9802579
8096477
8853454
7990604
8004644
10319194
220041508
8258475
10846720
10663810
9781088
220018784
220037830
8170156
9863294
8126008
11041652
9411229
11466884
10723012
11244379
220038269
11442690
11672472
10686727
8126515
50056307
11092240
11092240
220036944
11499511
9016407
220032187
8822565
8327587
10825239
10346454
10203755
9748983
9748983
10783890
8910002
220034920
220014791
10796180
8022341
8965897
220069442
11195031
10802293
11711122
9716454
8341693
11711122
11711122
9891318
220046119
220037830
220038421
10597490
10796180
50154819
11218688
220038290
9123323
8006667
11542002
8403380
10729979
11669784
8366525
50154819
220034789
9843182
11153423
9281082
9371292
11613506
8134447
220060667
220037039
11476887
10457915
11471837
11137950
9297138
220068953
9281082
10514869
8367025
10616655
11257447
8367025
220045541
10638347
220037830
11250354
10842175
9191749
9993256
220068774
220045685
7799998
220037570
11237446
8990664
10019128
8027124
220038446
9843182
220038449
9039544
220037644
220005260
10394066
9026887
8005604
220069368
8505437
220065287
9726874
9791980
220000703
9943316
8321398
11707783
10144031
220010330
220064447
11256903
8486468
11637922
220064473
220042356
220037639
10187692
10412639
9783879
220068273
9473367
10383862
220040354
8132819
10729519
220036969
10566267
9890885
220056665
10323664
11197987
11197987
11256903
220069325
220033777
220069325
11714548
10729519
9205687
10896723
10346454
9473367
11714548
10372712
11084449
10510666
220052012
220064051
8709849
8673452
10405277
8395987
9072398
10223798
220066524
11335340
11335340
11335340
11335340
220046400
8738556
9833001
11719337
10368569
9850757
11490418
220069462
220014286
220066143
220003656
10510666
11498164
9949921
220040980
7996368
7996368
220028963
10604511
9364229
10171121
11238812
220066524
8709849
9336362
220059953
220068952
8510262
8510262
9627261
220066524
220003656
8883567
11613618
9474108
220038385
7996368
10888953
10888953
10888953
10888953
9205407
10400780
10314308
9628048
10796680
11683101
220068981
11617081
11325277
8607758
9775867
9222667
10243505
10374318
11379639
8230016
220055141
220003324
9178766
220001620
8701282
8579974
11613618
9585005
11005926
10551861
220005562
11490418
10947109
8746677
8201207
10044794
9606925
220068174
10854585
9005098
220069341
220009130
9716670
220016539
11197604
10593901
10135714
9716670
8141724
10419793
220052086
220068043
9474108
10670740
10671917
11365171
10670740
11445938
9361050
10846973
220008738
9644961
9890596
8941128
11150343
8685707
11756744
9333196
8871927
11617081
11504164
9891088
9845665
9845665
10510666
9372970
8867569
8580706
10885936
8673387
220062930
11021920
220033988
9889022
11342698
10203880
11661845
8931041
220064051
9481378
10588585
9144002
11151898
220062662
8802005
11365949
9596607
220029135
9807597
10952009
11169582
11244181
10409481
10836252
8583553
220069416
8979829
220038450
8979829
10314534
10174241
8000725
8289637
11719568
10589803
11244450
9466933
220012513
220010952
10846973
11244450
220041383
8738556
10467866
10706613
10419793
8709849
8569341
11451332
10952754
7967939
220028720
8579974
10499302
8192889
11679172
11618022
8030452
11297282
11345826
220008738
11290265
8871927
8607897
220068953
11404672
10729584
9674607
11110628
10613593
8488958
9408585
220044790
10653682
7694115
9357552
7790636
9245648
10067309
10866109
220068953
8987077
9576297
10553344
11424339
9719629
220040945
7733774
11618022
10023100
10466548
50031359
11134028
8000725
9833152
11155064
10342419
10569413
11043540
10293470
10395176
11375265
8656418
124825
7920634
11225145
8007724
8218410
220037726
220037726
8657658
220037726
10566921
9319856
10929569
9618059
220038297
8988222
8534874
10875975
220034464
220057535
10326942
4830656
10887604
50196200
8947994
11428046
220034778
11220777
11722566
9830272
10286405
220069071
11245082
10882817
10562042
11182632
11200638
11443325
9742487
11408064
8983440
10621929
8887695
11231836
11025445
10529947
220032056
10562040
10326943
8647729
8647729
10801694
10812179
11397087
11070097
10042171
10544486
11679039
9245648
11402878
11618022
9788692
10133325
220057384
10235936
10846720
10965920
11362143
9309214
11070097
9188565
220051732
11487737
220009089
10815085
10526719
10003568
220057263
8604751
10875970
10613593
10653682
8180588
10500968
11327943
10553344
50031359
9874421
11618022
11183295
10989534
9833111
9833152
11473167
220054238
11497869
8696343
9775073
220064051
10576881
9637809
7970684
10885733
7968491
10874166
8270293
11706034
7922325
11706034
11522035
11726901
9891088
10566921
10973054
9943316
11522027
10973054
9943316
8136650
9618059
10454819
9618059
10500968
11273615
10566921
8900120
8325793
10768596
10875975
10326942
11544877
11433380
10449651
11187724
10809153
11722566
10286405
8004986
9863731
9943316
220046836
10305995
11456837
8799272
11511771
11661897
7971307
11669249
11511771
10360498
9860989
11424365
11191782
8887695
8167102
11707306
8167102
8229635
11446351
220069416
11417271
11742552
220068737
9461149
9741504
9383524
220024769
8652316
10498745
10383244
8028224
9675559
8501751
8037787
11017403
11532347
11322513
11486215
9961173
11714343
8899507
8174203
10465606
220067417
7920894
10296215
10842420
10729519
11361868
11565175
220063166
220068953
8083902
10079701
8311871
9853764
11221005
9142354
10220669
10203880
8872197
9903987
10123005
9579660
10310305
220068953
10901338
8626571
9734184
220047445
8661769
9074233
11503482
11365171
11508580
220069420
11640398
9304462
11128811
7874342
10139317
220069373
9349425
11424650
8562975
9674259
9689725
8159547
7717678
11242402
9644202
11700399
8867576
9023235
8039543
8406543
10798991
8056684
10958944
8258029
7859506
10307348
8406543
7764794
8276638
8624052
10023966
11353791
7829704
9229843
11318330
9860247
10098291
10667015
8855053
8406543
11580275
9952142
10668061
10730312
9243724
9536476
7800890
220028606
10823395
10823395
10823395
8175468
10261858
10823395
10307348
11614162
8636265
9219899
220062930
9511997
8193173
9837042
10550510
11368451
8713926
9598182
9278344
220053885
11048859
220042916
220028380
11651370
11486185
10077464
11348955
11229976
11221005
11166825
11131785
10367374
220064535
8031485
10253171
10838413
9658785
8713926
8031485
10481209
10149948
8803952
220069507
11278307
9380698
9300649
11394831
9156323
9156323
8824992
8031485
10803206
10220669
220016992
9590470
10078642
9031050
9682684
11550115
8946535
11116785
11451752
10220669
220063638
10677571
8738310
9358907
9636093
11265659
220064531
10504645
220069395
9385335
10282806
220049093
11306603
8877592
11197882
8958669
10847161
220001620
11456387
10594304
9549524
11054226
11571658
10859245
9479416
11355470
11619705
9195707
10367428
11655380
10369427
220056546
8327305
9480620
11640398
10571419
220053480
11497363
9553810
11365171
11446441
9138048
10594320
9677464
9501920
9164060
11728158
11084563
8664535
9162455
8406768
50105204
11531746
8540446
9156019
10851357
11415102
10242802
9861009
7910344
8995959
8501368
220005769
220069522
10704457
8533529
220038849
11499511
11499511
9541533
8430911
8187999
10195130
8607798
11700983
220065957
10553579
11553694
9396797
10651734
9768881
10755139
10888974
220021541
8555035
9847864
10403344
11277317
11356536
11097161
8645528
10433456
11055493
9082723
10898767
10095082
10433456
9265460
8282829
10527692
10783307
220069522
11277317
10419793
9091374
10095082
10783307
11231610
11113515
11210427
11101503
9878926
8406197
8406197
8825709
11198375
10553579
8229635
8195872
11260748
8195872
8142027
220049995
8196977
10353935
8104683
10839544
11705238
220040942
8406197
8341693
10533381
11707790
10781276
8723032
10979053
10543468
9095446
8886250
10535710
10504645
10246460
10161087
9958180
10821235
50040415
50040415
10350040
8430911
10633859
10851357
11043809
10392449
11468083
10535710
8886250
11259442
11215724
8863504
10805562
11338799
11259442
9938551
11426824
7992970
220066120
10809215
11244556
220066120
11043809
11162856
9706114
8229635
9524866
11519718
11043809
10181726
10503199
9956525
8193774
11435639
9000129
10609191
9936925
50096105
9689725
8158233
11369799
8193774
9953333
220063871
220066120
8179882
10243964
11204575
9802259
11647818
10134094
10954595
220047156
10948987
9104839
9121271
220030074
10548572
10452252
9510731
11663618
10179978
8009835
9134431
10697463
9620980
220046919
11502033
220065893
10933628
10237053
9978770
8332743
9092163
220054316
10043806
11470469
11215050
10730681
220021541
11607702
9924017
11446467
8872774
10099732
10405277
220057709
9108283
11303751
11441852
9485955
10223673
9959995
9936835
10225841
9331153
11502033
10371266
220064934
220067107
7979853
7979853
7979853
8997663
8545537
9410134
10164899
10237053
11091196
9973223
10456037
220035797
11502033
11484771
9620980
10148935
10914294
11613578
11217694
9076745
8950918
11217708
11184271
9475357
10270457
50003796
11184446
9891677
9469471
9863567
10160858
11663618
50003796
11184447
11217604
10682586
220011300
11217785
11663618
9229109
220054245
10557925
9214546
9331153
8591670
7746351
8997663
10583217
10908962
11094773
9847824
8950918
10477052
7808388
10926389
11357017
8199348
10851357
9873536
8174201
9904345
7799998
7822119
10989399
7962686
10635380
8771130
7746351
9143279
8155780
11508580
8708284
220069522
10421746
10638598
11188226
10616353
9998586
220044117
8168192
9191749
10331282
9847824
8321354
11234848
8171019
7768697
8171019
7768697
220063851
8976655
10421746
11561970
10419962
11700321
8198951
11720444
9578255
11584008
8337599
11476841
11587974
8950918
220063851
10456038
8878713
8584123
8337599
8950918
11561970
11561970
11561970
7868800
8584123
7680950
11645119
50193162
8532259
7748431
8120421
8337599
220064518
11700178
11287513
10606083
8961365
10243215
220063867
10677483
11613670
10094978
10103088
11720444
8250063
8929154
10709898
8165048
8703876
9837042
5502372
81390
11048684
7874342
7881555
10103122
11110063
8081679
8178987
8427819
10327859
10419517
10122846
9958120
9880919
9362112
220061677
8313170
8803296
11694660
11287513
9908854
10478441
11215724
11287987
8035582
9199465
11580452
10487797
7858748
8929154
8876675
220058909
8337599
11613548
8828389
7788511
11246686
8874009
8659784
10997251
11707539
11398004
11700178
11694660
10487797
8644894
9883361
10949238
9855391
11696533
11416176
11308337
11397800
10770508
220017407
11642493
11158320
11264528
220069416
10976663
10729556
9745225
220061671
7746430
9271342
11234848
9180702
10854585
8715706
10544381
11397972
9650945
11397976
220068963
11397992
7747578
11397999
11402579
11388787
8923325
11343035
11055493
9586373
11259442
11086229
10166926
8080233
10671314
10421746
11061234
8705135
10702021
9016473
8562975
9904719
9745225
9995989
8970485
220064518
8080233
9721361
9079881
9853764
10733113
9100039
8872347
8872347
10655118
11211019
7789141
9644961
10470619
10297789
10297789
11007594
220056529
220062137
9300203
9609424
11231610
220065036
8306104
9936925
9609424
10647901
8389184
8414640
7924146
10214438
220024280
7850191
8753769
7866063
11059779
11656778
9959769
10321027
10350745
10429460
220064934
8087867
220027543
220041383
220069461
220047540
8701224
9502625
10689024
9309623
11328263
220047545
8203299
220058524
7826420
11699748
10700342
11667929
8183052
11159556
9364561
220059586
11040943
11446361
8881301
220059431
10429460
10540828
10610084
8343776
9959769
9542546
10693216
11389283
11049538
11440198
11259378
10540126
11090268
8594848
11184797
220069279
10229362
11250872
10098951
10996167
9461094
11696533
9526306
10652566
10378277
9584718
10214438
220024280
10229362
220048330
8720349
11339597
8406197
11440198
9908854
11394837
9961749
9873457
10406078
10329146
10813305
8287192
220047590
11483897
9591117
11397804
11217698
10504123
220047591
9334281
10453630
11254651
220000393
10187294
11173629
11487403
11184325
10445131
11177250
8470129
11040958
10140004
8164811
9745225
8236860
11242054
11207360
8316295
9943316
9789890
8464260
10820021
11718705
7836211
8407791
11254651
11074429
220065680
11053672
10393387
9922985
220065282
10202601
8037026
10730535
10688580
8921676
11127864
11199748
11377343
11569535
10208654
9345157
9079881
9079881
11705437
11086229
9768960
9295213
9398992
10208654
10536644
9295213
220053949
220020628
9529623
10477985
10730535
8006667
8428172
9328612
11010955
220063878
9936511
9245648
220053683
11081256
11504144
8939429
7975772
10984161
9535458
11724846
10693210
8087867
11642082
10327622
7964578
10068671
8632687
11734483
9309704
11248320
11663618
11318175
9084182
8566992
9936244
11613679
7811225
10519041
8630339
7811225
10741212
11656468
7737093
8282829
10941375
220069156
220010426
10698906
8992343
9674259
11503877
8199775
11396892
10336518
10067606
9561109
9154025
11666236
9957768
10187294
10477985
220069605
220060661
8921676
9752258
11098528
8825128
10697274
9894968
8921676
11192907
9062269
11192907
50050119
7970420
8948609
8829808
8499311
9936308
10889694
11300176
11279621
10358598
50050119
11666236
11026763
8945876
10004846
10427492
10442911
11523111
10180926
8910846
11190983
10286479
9932570
9012715
9686682
8159547
11040943
11081720
220062912
8855125
10378277
11324251
11725330
8987077
11039324
9105798
7970420
220060841
11209169
220019918
220036995
8623811
10293823
8716262
8885365
10884211
10950035
11006774
9318834
9318834
11324251
10160858
11480428
10566921
8079429
11620879
11620879
10401350
220069129
9752258
9393704
9669602
8358737
10992744
9467222
220068025
11340239
8225268
11390020
11372115
11517278
11613670
9647288
11380673
9025513
11331543
7863976
220062420
10851357
10507472
220030318
10094283
11707695
11046597
10050232
11169850
8471291
220057944
11254160
8395671
9879367
8327184
9695473
10351733
9405061
8346825
220049497
220057944
9101557
9628004
11120123
8031895
9961317
8910846
11209639
11689265
10404387
10242783
220031843
11238215
11324059
10404387
10069877
9961312
8758978
8797598
8774662
9755198
11630929
8881223
8864186
11536410
220062410
11354954
9362112
9362112
220059672
9800561
9489113
11759704
9362112
9362112
9412928
9445361
9159235
10348761
11315181
9938458
11245994
9425637
9138669
10536644
7824779
220067396
220064517
8598515
9730157
8671071
8753891
9389090
10498075
9926788
9331062
10321444
11554815
9402902
10823571
10563120
11175421
11572662
8033096
11516627
11554823
10368569
220039246
11497725
11613664
11125182
9651607
8327592
8069239
8872256
8722549
9289658
220067396
220057709
9354313
9614848
10689695
11255035
9791760
11543462
10647871
11516622
7838662
11237370
11405485
9604712
11197880
10412961
11511647
9831063
11436440
220067453
10583450
9734174
220060957
8572076
220053681
8029229
9725875
9231631
220065933
11215173
10507266
7726895
8397703
10222240
8598515
11739974
7830624
8281639
8380002
50100440
11354217
10248618
11259396
10259311
9435276
11511385
11737870
10511883
8032697
9506447
10318162
11688540
9030311
11410573
11116099
9076844
11410574
9198771
11740250
11071178
11217571
9805994
9920021
10544486
9223318
11543463
11613226
11613310
11688652
50126905
11613466
9616697
8414542
11613644
10985045
220058599
9543559
220064517
11593683
220067826
9979834
10719313
9132680
10476989
220068338
10202601
11612852
9417671
11440519
220065680
220069141
9387429
10543647
7949899
11042424
11289045
11056624
11481050
11569519
10259311
11116099
11116099
11613675
11613676
11042424
11042424
11613646
11347454
11058084
11724846
8957974
11577179
11577037
9067355
10502507
220053719
11613568
11569519
11259396
11135021
11613565
10455617
11613555
10788151
11613459
11588468
10783414
11613307
11613370
8419146
10900589
9750041
10456132
10606098
10881959
11613389
220063883
220058037
10483089
11613417
220053719
10362699
220060184
11613409
9085419
9085419
9742947
9161940
8403874
220057408
11724542
11081495
11569948
10740717
10945339
9482470
8315955
10301125
9769535
11081495
9505001
220053647
10591546
220045320
11702093
11613224
11128811
50090262
11131979
11613204
10409928
11064525
11607981
11607973
10943605
9602453
9378617
11607957
9511969
10048612
10981684
220058741
10371495
10981684
8243372
11117654
10771458
11217609
8571022
9645560
8365601
11116099
9173961
220065815
10507266
220068998
10620624
10044113
11129304
9606043
10355247
11613667
9372970
8025775
11468749
9890596
10683115
8715081
11318175
10782195
10782199
11109403
10427510
10088427
9750778
8936519
10904030
9867423
9090910
7902213
10224983
9098724
10850125
10850126
10069872
9577657
10040152
11629699
11406753
9553840
10778148
11613653
8956478
10254922
8628736
10436135
10628222
9147592
11095904
11373486
220019847
8701224
9837042
11613559
8004986
8871153
9723729
11372038
9735647
11613546
7772168
9464077
11368451
9147592
8863761
7940543
220067050
9553799
11162419
11391498
10456132
9491468
8129995
8045795
8594736
8805876
8628446
8758978
10002732
10062430
8859021
9796274
10739995
10456132
220024510
8859021
11195608
220064388
11732220
9796274
220067276
220057733
11650043
11147216
11732220
220058748
220062992
8471438
8538329
8766724
11172885
9558110
10036677
220068590
8766724
9361050
11031806
9861873
9789038
8563209
11391498
7970236
7858009
8508172
11078275
10343863
8016067
220060216
9249980
7912558
7912558
7912558
7912558
11143061
50171742
11059050
10733596
11693822
9275866
8824992
10467570
8536891
11353043
10124659
7723730
9382508
10282907
10498075
8657316
10748233
10651478
9300989
11588153
10507266
10874938
10094923
77224
9429731
11365171
10603329
220057408
11365171
9440678
10931152
11412582
10990340
11086567
11216937
8684055
10845352
9754042
11660591
11588153
220044383
9427948
8676138
8872256
10691921
7909262
10146744
10290872
11079367
8824992
220057709
11116834
9343471
9957582
220017122
8620294
8633526

9199465
11613465
8983436
220055184
11736385
7838662
10202738
11040958
8653798
9869793
10637170
11613458
9616697
220044428
10637170
11613414
11630395
11613408
9694652
11583431
10393387
8364583
7838566
11649765
11040958
9173961
8419340
10548141
9891233
11297228
10266653
10739995
7772481
8803296
9005025
10228148
9719874
10335858
8753895
8561162
8402754
10740505
8550298
10781524
10507266
8325572
11748417
9992534
8694143

11479338
8918661
8948452
8948452
8279061
7713633
9143034
9796858
8679213
9670321
9808967
9720692
10178487
50171742
220069568
9578255
11328298
11683260
10368534
10548142
220020506
7744121
11660591
10163953
7762813
10067606
11303340
8621437
9530237
10990934
10823549
8427819
220045850
220055247
11656496
8676138
11373099
8997737
9352216
11161046
11660591
9610814
11445166
10548145
8602974
7998112
8888165
8778051
9958858
220065282
8898340
11522129
11015506
9754042
10548139
10788250
9879527
10610658
8863663
11335765
11265897
10337405
11004979
9338733
8434430
11050186
11690199
8886416
11451332
9167664
11583633
10356442
9411525
8082388
10760246
8976923
8886416
9893348
8338858
9955526
8540446
8508925
220065024
11732220
9740396
9076308
10833601
8664535
11084563
11589761
10833601
11547698
9482470
11238215
10738798
9206606
220054650
8863504
11054260
10348761
8282440
11011328
8934735
8934735
8934735
8934735
9171106
9706938
11020952
50195981
7724623
9611869
10411798
8934444
50171742
8833537
8006667
7787218
8328836
10411798
8704192
10046914
9344389
8646864
220044584
8863504
220044564
220035812
50171742
10603419
9079952
11368198
11547698
10585711
7717678
220068583
220049130
9427132
9470481
11263972
220068590
10069733
11329360
9110761
9644202
10202738
10209896
9283886
8863504
9521748
11440844
220063309
11580275
220069688
10168591
11627566
10846084
10069733
10835294
8211759
9668410
9554206
220069507
11214535
11225173
220065993
220069260
11613405
11613403
11613401
10003863
8976923
11217978
11613396
10374318
10989399
7962413
11613393
220012985
11613392
8610307
8311484
8729385
9317500
11613312
220068524
9950070
11487559
11613218
9821541
11613309
9283886
11613279
10514620
10282806
10307299
11613276
11310304
11613274
220026335
7874342
8976923
9931535
9808967
8228538
9931535
11613220
11338799
11613219
8976923
11613216
10551861
11012117
11613215
9403832
11613206
9071793
50209583
11479332
11612843
8976923
9504523
11607980
8976923
11607979
9103856
9849162
11607976
11607967
11607959
220057541
9949921
11607855
11607854
8845466
11580423
11331543
9558110
10522724
11031707
11031707
11731778
9916030
10728589
220002470
10239523
9931535
11446441
9079952
220063287
8872774
9931535
11402344
8960774
11709886
11326986
8189378
8039543
220068590
11042442
220069553
9460774
9460774
220067712
11368198
11753174
9588856
10089927
9283886
11126731
10842622
10728589
11568786
9279726
10990933
9716670
8481458
11588305
10628892
220037835
11095904
10743185
11678099
11650031
8600063
10144579
10480325
10368534
220069725
8427139
10270457
10804751
10804751
11613578
8984190
11516635
8974719
10594305
11507927
11572635
10707062
10538761
9360759
11580576
11217594
11217658
8831579
10119186
11142319
10148935
10119186
9925988
8863504
50212358
10047084
9416580
10788966
8258085
11208772
11142319
10619495
11368198
10346090
11665166
8742662
11159561
10353523
9283886
9018783
11709321
10848617
8886997
8863504
11107409
11709886
11479332
9561109
220006997
10728589
9006563
11264280
9973223
9481130
11580424
11603715
9150804
9328328
11431609
7902213
11217455
11147216
11373099
11580417
11082719
11446467
10255313
10195130
220066247
9764358
9659289
11170219
8126515
8126515
9359785
50150541
11607702
11416762
11572633
11580417
10075499
11572633
7859506
11572630
11163295
11724542
10500968
10741359
11745500
10208654
10863977
10728589
220027701
220066247
9322403
11724542
9245360
11259396
11572628
10255313
10534492
9283886
8772334
11087750
9658785
9864432
10965920
10406368
8855053
9273780
220065437
8098168
10081392
10399509
7828818
10288021
10083248
10511883
10791590
10419793
10314920
11580275
9038363

9998586
9270407
9450413
10004344
8878713
10904241
8238856
8546570
10270457
11335687
11493521
11147216
9553810
9486828
10628466
11015011
11715227
9724620
9750905
10470037
7884449
9939266
8669182
10767073
11210267
9308779
8917353
11650293
10073165
220045076
11364404
9528206
7857071
9555202
7861690
8553415
220059090
9317687
220065939
9861509
11353043
10417438
220039900
10307878
9552812
9561109
220065504
11614239
9719450
9849162
10976663
7705929
7859506
9841220
10514620
11732220
11732220
11075897
7904014
10380616
220056377
7968265
10010649
11195623
10097088
9216340
11147216
9265641
11707790
10534492
10534492
9265641
11442966
8321398
9724620
10996938
7705312
11170541
10788539
11188340
7859506
10266233
9338434
10540602
8799272
9484980
220046004
11752670
10485921
10154753
10993439
8713355
8650352
220059090
7801612
9046329
9102516
9438363
9660753
220065941
10355823
10480221
11690720
11572622
7784138
8649986
130553
220066841
11572620
11572620
10334882
11571696
9343091
11153497
10336518
11134278
220066391
11029424
9498549
8313110
11217528
50021777
11217573
11609069
11717947
220064759
7745445
10341576
9481777
11416093
10998420
9083718
10878868
10711339
220066379
7793241
7793241
10293641
8281291
10913844
7813845
10307878
9398954
10118184
9080561
10933417
11144794
8824992
10767900
220027701
10922152
7813845
10422015
7705041
11217575
9168908
10848260
10337719
9453563
7806180
9864432
7802035
9326563
220065504
220051890
10036677
9485179
11217577
10440627
11217603
11217605
8399875
11217610
10534458
11217591
11217593
8789212
10175443
7692691
8863761
11206462
11217661
11217670
11217732
11217735
11217738
7732691
11217739
10306154
11217740
10528353
11217742
11217743
11217745
10243964
11217747
10272999
11217748
8979215
10703071
11217763
9636977
11217775
9527313
11737329
10594301
11246074
11443088
11755834
10832122
11754578
11217710
9482470
11217707
11394941
220063335
11405493
11410555
11679892
11410570
11410571
10760703
11410576
11410594
11472982
11473037
10166910
8936519
11483620
9271940
10372712
7748137
11585895
11561970
11575032
8755846
10064136
9515049
220035939
8116493
11682861
9945897
10124201
11036786
10846720
10089596
7719498
8048492
11077551
11503537
11507825
10116878
11507867
11507859
9487555
8085614
9006563
10089596
11061651
11302096
9355725
8123260
11507859
11507863
8205846
11409938
11516618
11516619
11173249
11516634
11516637
10467316
11516638
11516772
11516878
11507884
11516636
11197604
220039900
10319807
11291937
8214941
11387993
10064215
11617424
11507861
11507932
11433756
11507856
220062602
11105737
11516623
11516621
10879450
11535520
11754829
11535522
10756869
11507857
220064933
50170166
11748236
10099703
11535513
11683260
11543449
11670871
11543450
11543454
11547288
11543457
11617424
10177970
10318151
11543466
11543468
11543471
11535541
11217749
11543467
9193913
11543473
10976663
11433272
220066247
8285288
10598122
11208865
220063188
11718111
11211890
10697970
9284053
11718125
7893735
11717937
10281537
10033225
11748236
10879295
11251057
9368534
11742097
9103786
10292336
9367324
9351593
9896185
9162785
8713066
10069733
10799817
11762509
10127892
11499506
11241539
11428453
11516616
10196625
11572513
9724620
11402977
11554821
11572620
10609703
10878419
11572622
11572622
8661353
220068025
8793124
9931728
9755142
10356442
9400112
9158391
9841220
220058509
9736438
9736438
9736438
11755469
50176982
9896005
11762347
220068583
10355247
10171265
9995012
9829576
8176724
11062853
11113990
9495812
11302096
9755142
9499080
220069609
11660591
10616353
8183011
220035939
9520555
8536891
11530287
220069522
9322064
10125461
11188014
11188014
11580275
220051103
9650945
10356442
9356401
10991959
220023735
8385028
8385028
8385028
10625934
10030770
10163181
220015142
8647782
11530287
220045160
8851441
9654814
11542738
9470666
9009534
11523476
10322445
9550871
11753174
10871908
8287058
10694816
8967478
8998624
220063223
10828143
11753174
10583823
11144467
10530756
10894081
10758554
9291899
11622491
10480583
11221160
10281659
11120630
10006217
9724620
9185990
11410869
11589112
11376014
7968265
10933619
11052515
11210223
8863504
11170104
9244745
9084180
11455366
9233535
220062944
9528490
11238395
10436056
10442968
11523612
10416448
11421771
220035219
11310619
9225409
10268000
10125461
11446541
11530287
8191938
9185990
220047954
10554285
8471083
8737327
10815662
9120248
9538774
11438786
8643418
10409767
10124201
11410869
9364311
9471095
9265641
11754829
10463970
50126680
11756708
11662280
10073619
8922832
9654814
8191938
220006997
10730568
10904241
8718847
9568983
8817403
11155583
11756710
10581557
10073619
10808724
11314941
220066332
9457711
9388610
9489365
8395783
10138791
8395783
8395783
8395783
8395783
8863504
8788625
50034420
11337239
11400065
8738700
9010851
9010851
11471139
11722729
11722729
11722729
11303340
7702303
10155177
10577419
220024252
8955065
10454306
9008595
10583255
8955065
10839974
11387919
8863504
11265897
10499327
9371969
11264403
11023918
9008595
9508164
8633415
8313832
11264403
8955065
9968215
11754472
10036677
10695044
9995246
11556815
9825956
10097088
11155333
7804971
10103186
11125875
11596707
11238395
8463405
8503562
10103186
220046521
7874342
10788539
9798208
10681604
9777936
220040482
9217442
10470037
10911542
8318022
220057408
10095476
10073165
9156184
11569948
11731350
9761446
220062782
8333834
11432073
7734961
50008535
8589774
9064552
11240076
10888016
11483283
220017657
220051858
11425708
9530580
220017657
11692349
8183212
8817403
9674259
220006997
50069622
9972108
11238395
220006997
9338434
11101503
9481887
8589774
11055667
220037402
9162785
220037402
9823803
11121998
11175807
8554505
10538278
10329315
11709366
8327305
11017431
11709321
8080647
7748137
8102919
11646624
9703865
9285543
8102812
9908854
9498239
10417438
9198799
11438869
7809896
7823243
11750642
11750642
11750642
11762174
7897171
8766869
9241608
10479917
11737870
11734974
9263134
10876060
11444194
128918
220061126
220030462
9403774
11663618
8081936
11530484
10088152
9574250
9693444
8718847
11582800
8815047
10904030
9007013
11364900
10635175
8668570
220065933
11706830
50043136
8474261
4828220
10877705
11210223
10148822
8205113
11101503
9117754
10485921
7843124
10089160
220069795
220051899
220069137
10993439
7778906
9811231
9602507
10655170
8083175
8551001
9755142
8159547
8647355
220065941
8647355
9938588
8583126
11644349
10935496
10676995
9238871
50043136
11676210
11598016
7804661
8643400
9317446
220068493
220027986
9191145
7707672
7766609
7717678
8923618
10869645
11026678
11752383
10584317
220005975
9755142
8706697
10354981
11329356
10086011
9579025
11077936
9204924
11025498
9163934
8033276
7791718
9004124
11699524
9338733
9379354
9421354
9310290
11674850
10913076
9381784
10939954
8039016
10716459
9530580
9221599
8945686
50193306
11644349
11586284
8097723
10717776
11758247
8998340
8890375
11125261
10088108
8952130
10634657
10590406
10716929
7897661
7727158
7719520
10357152
10564084
9691421
10496839
10716932
11730314
11341659
9658172
11495708
7843124
9530580
11317910
10091829
7908261
10535476
10433927
10962260
8822200
50193306
11113213
11221015
11165016
10762776
9608980
7822068
9959181
11657248
10799817
50080721
10771899
7731568
10056402
9959181
10886794
8675695
9864564
9589934
11259289
10549739
7974862
50043136
10716932
10976663
10250249
9403774
9644202
220049093
8097723
7786540
7843124
10771899
10886794
9658172
11043482
9967013
220060525
9399875
9718474
11210427
10716900
9871833
9769535
11059796
11210427
11730314
9475263
11481186
7875356
10716905
220045336
9055804
11172406
10662508
8636734
9487426
10717776
8636734
9162785
11749448
220061126
8960007
9415032
10597232
8890375
8222656
8636734
10185381
8538496
11523609
8960007
8538496
9342497
8920941
10641022
8503562
8751868
9624440
9972108
9133554
9362670
220064399
8080647
50090262
10481281
7910324
9175723
11026552
11147216
11172345
8711920
10632153
9133554
9182860
10143415
8681223
10859897
8766869
11274721
10565519
11036786
11455366
7695907
10233420
11127628
10243964
11699421
11425966
10815662
7740147
8844872
10659554
220056061
220021139
9746583
9010456
8503417
9146473
10303202
11629654
10388438
220064394
10556622
220065939
10307878
10356442
7840030
10089315
10356442
9576477
9478403
10305094
9279764
9702339
11496294
9831063
8601582
11355954
9666290
9938588
9481271
7788060
7788060
10911542
10099334
11337239
220069768
8039543
220068986
11436461
10088100
10785033
7760692
8913925
11396236
8601582
11745335
9205407
9967013
10930393
10303030
8596168
11436461
10307348
9217442
9217442
10561318
10672746
11701294
11254874
11696625
11699822
11701284
11701253
9157325
11699415
11699419
11699410
11436461
11699821
11701235
8888348
11701251
11699414
10659780
11273158
220056061
11696627
11602072
9702339
82458
11701288
9223793
11699442
10894111
10089609
7725899
7744272
10506447
7724592
9465185
7743648
10805562
9542279
10557582
7737189
9487243
7911706
11043809
8181128
11043809
11699442
11510048
9481271
11511647
11044513
50019722
9055707
9484785
7940553
9823593
9456801
220067481
9306855
11336657
8205861
11368659
9541533
9592305
10518533
9622267
10520520
9625029
9622267
9162785
9658172
9194954
8698703
8936020
10934556
8583558
8930822
9741561
9181325
8021447
9041566
8469588
50206567
10101834
7764794
10153406
10550706
7806405
9471943
8246501
11581561
7870595
7895830
8594651
9802718
8267627
10390212
9181325
10403095
10338898
50048964
10339727
9689968
7856563
8327397
9126561
9938449
9821541
10062967
9467354
9535620
220069636
8909152
10134540
10143673
9563475
10535158
9947238
220026669
9636960
9689968
9387285
10390212
8202956
11351090
11059796
10638598
11571850
9967013
11433428
8788740
8583670
8893288
9589760
8396909
10303030
9159105
11351090
9864791
9775867
8811423
220064532
11026344
8212058
11699406
11193668
11205865
11287122
11279279
11279056
11273136
10641043
9860247
8083608
220065125
220053153
8239163
220032450
10535710
10351271
9702876
8994683
10641043
11043809
8954995
10698632
10754748
10480088
8364583
9484044
11653018
64460
10804020
8794616
220061799
10420939
7773228
10047563
11188758
10719191
11519718
9618244
9201388
220034837
220069781
11696627
8551001
9487243
11033438
220065941
11249245
220065933
10709895
8942046
9656470
8385028
9694298
9467354
9484936
7822301
7684726
7983296
9124889
7843846
8286895
9785871
9101216
10438017
8059781
9763912
10601118
10527176
10527176
8006785
8246501
8955065
10923474
7993040
8225426
11104805
9134724
10694816
9677388
9567583
7835796
9038363
9281840
9596584
11190922
9099281
11337239
9083987
220028701
10237053
10237053
10923474
220069592
11283879
8163721
10004110
9105798
11077574
10791931
8503562
11481868
10678266
10632482
9697299
11600298
220051103
9176382
9133837
9790479
9149641
8659904
220057470
9090316
8614376
9961381
11705855
8920941
8761171
220055377
8920941
9023327
9159297
8670946
8316131
8614376
9860247
10863699
9972108
10073613
9576477
9935350
9961861
9205407
220069833
8596168
220017657
8181128
7940553
8855053
10619463
8777013
9702339
8205861
9083805
9194954
8080647
10636210
9175723
11705855
11055493
8701472
8583558
8885045
8911523
8635168
8469588
10718762
11581561
11195058
9947238
220038451
8202956
9002275
8583670
9159105
8212058
8942046
8286895
8766869
7993040
220068579
8163721
11730314
9952142
9790479
8659904
10549739
8480159
9961381
220055377
7943564
9159297
11737594
7760514
8799272
8701472
220066282
220057408
11655565
9322213
10466878
8543977
7845989
50034420
9909464
10605441
9951246
10130709
9176382
8480780
10375472
10942379
11479332
9484765
10849318
9920005
220038451
8630067
11338799
11739974
11283879
8275940
11721380
10460510
10755438
10102515
9317446
10008905
10089609
10071477
220014969
7819574
9317446
8568035
9596584
8369952
8565437
9735647
220014969
9596584
11676210
220058090
9243724
10233175
8767369
8041822
220058764
9596584
8484355
10619463
10619463
8041822
10688580
9596584
10291019
220068342
7800890
9091675
8257445
10307348
8603024
11763456
10857528
11031806
10452288
10102515
11110381
8342673
10526111
9731146
7759372
7855539
9091675
7759372
8465228
220012151
220057900
8816861
8765439
220058229
10921358
7846514
9176382
50074893
220069353
10859754
9495812
9874518
9927837
220063985
8828011
220038642
9702876
10832122
8643418
9927837
9874518
50021955
8232400
8658836
9050008
10745785
10275122
9050008
9699417
9422218
9224994
9313402
9423073
10202073
10199125
10083876
11093375
220038451
8658836
10954984
10884138
9568558
10954984
10015252
11714865
11169822
11566129
9117838
11018312
8028627
8014469
8863504
7977262
10083876
10607890
11646684
11083365
9572985
10599196
10688580
10607890
220038451
10688580
11394394
10599196
10839974
9454370
9735647
7977167
10014232
11676533
10688580
9735647
10241658
11696627
220017657
11705855
10165802
11653675
11653675
7998649
11667383
9107361
9343095
9176382
9746284
11398481
9190763
10575888
10993343
9735647
8749191
11259254
220068514
9823803
8658836
220065943
8949270
9746284
10649925
10786799
7867829
11283879
8851441
8259933
10622625
220056215
11283879
10303030
10828721
10303030
11209639
8721387
9620716
10627795
8740572
10502569
11600473
8721387
8824367
50108082
10102515
220069137
11381606
10329475
9975551
10535476
9974049
50108082
10622481
10146782
11283879
10532049
11523519
220038451
8532466
11667314
10691916
10857172
8538329
10102515
9691157
10459313
10857271
9213859
10036677
11705855
220066880
8711344
220014969
9639338
7733086
9593825
7775328
9940383
10497671
10863499
10467090
10327108
10904403
10786262
9801878
10338219
7694329
11133065
8855064
220002470
9861194
9146581
8034628
11737329
10547579
9184044
11528052
8648188
10550599
11454556
10329636
10497671
9484176
10298851
10648939
220064887
9793682
11456539
10550599
9247227
9374320
10130014
10760250
8676530
10840702
10298851
9578881
11283879
9267980
10462921
10550706
11312187
10293773
7723507
8630067
9660753
10813422
50196096
9175707
11529559
10915092
9299827
10800732
9519938
10279485
10249808
10384431
10550599
10760246
11335687
10587705
8182005
9673747
8331687
8222517
10356442
10915092
9216340
8605368
9672069
220069801
10907170
11398481
8874134
10907170
10632344
220069795
10671314
9818631
8679213
8093657
7874802
8476460
10994339
9071364
10204861
11170104
10656899
7857071
9254418
7935094
7783630
10756942
7783630
11653675
11259067
10341591
11007070
11758659
10402158
9387662
10904914
9823593
9951246
11387558
9717674
8766724
8797372
8712167
8797372
8698703
11443915
11392987
9951246
9729378
8750725
8226714
11738369
8994698
10520398
11730314
11006948
9870858
9870858
7716633
11055493
10636285
9017571
10609338
8053823
45484
45484
8053823
9004594
9618999
8917264
9324774
10043685
11538362
10115849
8053823
8678009
8053823
8741860
11018501
11730198
9326111
11189183
7741382
11730198
10412319
220063443
8464260
8003476
11504891
9384168
10427629
7761523
10427629
9678308
10891520
50114157
7840030
8917264
10898788
8770332
9062269
220066247
8183208
11112423
11444194
9227356
10891397
9639200
10363651
7866182
10786154
7790475
9150804
9600728
7962594
11119686
8936519
10454308
11728942
11715227
50140136
8202965
9193571
10632298
10621007
10698632
8485828
11728942
220069270
8252454
7777181
10403457
9390688
9402629
8599116
11655565
8845415
8503562
8472553
10045053
8380724
8271653
10045053
10680744
10774072
11026344
11489402
9596037
10709647
220060591
8464260
11137193
10033533
9387848
9416580
8715603
10505649
10244922
10695268
11298494
10018825
11663618
10470435
9908854
8822763
9771610
8201101
10157346
220002470
9247304
11683839
10791931
9387848
10651108
8629082
8984821
10857271
10651109
8356089
9926332
10506196
220069135
11275150
220067712
9460774
220059258
220065942
9940383
11051138
10912134
10333637
7846513
220002470
9731221
10324495
11126584
9609614
220062614
8917264
7910324
10760838
10101834
8429908
220002470
10281911
11113990
9924451
8642714
11113990
11113990
11113990
11113990
9277662
10511850
9899385
7910324
7863943
10494407
10289191
7910324
11388531
220067787
11635691
10582144
10327108
10339727
9896735
7981078
8700306
220054365
10451086
9421990
10698632
9559349
9387848
8248430
10451086
220006376
9288354
10770347
11278328
7817245
10587705
8710595
8800670
10112890
10779187
10935779
128216
10779187
9776519
8237224
7953477
10289191
220032061
10622772
10603329
10622772
8468583
11476708
9144829
11182835
220068986
11096066
9163944
11240426
10307299
9703093
10865153
50199934
9951673
10970798
10948338
10651713
9230585
9609614
11152746
50199934
9585232
10084814
11629739
8901981
10651895
9542176
9542176
11032794
11334376
8083487
220068926
11189183
220066685
9728315
50008535
220068444
220059258
220068444
10229476
8380828
11761422
11334378
9190619
11381606
9854216
10972244
220053983
11033970
