9887685
8312958
10633721
8949206
11423848
9332169
10994472
7719197
10680028
11466350
10864521
7739630
8309307
8272928
10611167
10432447
8845215
10583392
8917807
9920333
10660184
11370778
7965958
220065582
11497885
10402782
220070119
10611167
11370778
8917807
11370778
10660184
8327592
220061910
9734298
220066282
8471514
220055397
220055379
8172971
8643261
9042886
9353224
50076139
11106159
10073333
10153071
8433807
11719066
11514295
10625372
8655761
10729911
11118451
10046094
11486122
9042886
11486122
11533689
10622759
9116347
8007647
7906954
84276
9720584
9535458
9313761
9513192
10551669
9513192
9032948
8681677
10969217
8201771
9627261
9538137
10652233
8646049
9116347
9980242
10940809
