220027464
220027670
11676132
10512885
220004891
10455583
11193021
11615637
7786640
7786640
7786640
7786640
7786640
7786640
7786640
10996640
220035453
10856634
8816028
11684825
11684825
8816028
220055731
220055731
220060454
8373898
11293482
8373898
8215755
8881349
50202544
10115091
220053702
220066113
10900252
220062779
220062782
9654814
11535232
9219899
8191938
9219899
10842764
9633691
11101158
9016473
10446618
10180926
11413416
220069233
220067383
220067383
8169013
7840647
10904142
9781088
10472840
9661971
9661971
8664825
9949844
11034120
8789054
220069237
10600144
10455014
11607702
10472840
10284873
9974224
10071547
11034120
11002628
10899565
9498520
9863294
10062430
9863294
10062430
9271346
10580042
10341802
10454819
8542658
10341802
8324026
9785871
220061328
220061328
10671023
220051899
220063443
10180926
220063443
7706680
9248109
11053303
9551058
8540999
9243403
220054249
9034908
220054244
9331494
10052978
9818440
11640835
11691406
9769535
10933816
11450637
220028170
220029078
11081495
10205475
7907502
8126226
10752548
9533881
9533881
9533881
10934259
10934259
10934259
8054524
8054524
8054524
9299704
9299704
9299704
220068891
10704387
10945339
9482470
10062430
11724542
10955406
8170778
8855510
10513359
8190296
9195529
10949354
10638506
10807649
11718035
9831063
220062571
8126226
11372038
11719076
11372038
10610865
10133425
9364518
8268298
10856645
8465713
8590809
10901994
8944666
8176926
220057408
8396890
8176926
11487559
9152580
11217978
220012985
10989399
11225173
11097407
11667129
10571444
8354755
10335562
9572850
9245451
9236638
8316683
8316683
220024279
8993297
220012985
10954871
11225173
10429082
220018834
8552077
10555269
11710607
11718035
11164485
220064497
9786832
220017150
8568461
8568461
10217997
8568461
8568461
8568461
8568461
10217997
8568461
9062269
220024237
9584446
220017402
220017413
220017413
9614599
8645348
220017413
220017413
7939478
11185517
9101216
10903650
10566081
220023856
8915783
10167222
9318847
10167222
220023870
8979829
10760502
10739621
220069265
11122232
10752475
220023864
220023868
8888449
7865739
220069264
220051591
9445928
8378068
11032839
8378068
220066524
220066509
10483656
9972619
10173332
10483656
7817059
7783298
8741660
9204584
10499043
10813666
10474357
10021064
9819075
220068868
11028341
11139495
9127667
7937283
10255608
9917357
50049519
7802749
8673808
8744482
8673808
7802749
8673808
8094781
10021064
220065132
11475920
8744482
10307871
220048442
10589397
10564943
9391616
9741023
9313292
11115716
220023607
10866673
9362555
8485623
7849540
8094781
7833488
10146899
9439081
7829947
50015188
9133761
11091201
9239600
220023251
9154431
8595238
8432222
8595238
8432222
11313842
9340786
9602492
11407450
9102221
11439878
9598182
11146002
11144416
220053885
220023871
9387884
220025853
220017407
50149048
10285496
10802050
