220027464
220027670
11676132
10512885
220004891
10455583
11193021
11615637
7786640
7786640
7786640
7786640
7786640
7786640
7786640
10996640
220035453
10856634
8816028
11684825
11684825
8816028
220055731
220055731
220060454
8373898
11293482
8373898
8215755
8881349
50202544
10115091
220053702
220066113
10900252
220062779
220062782
9654814
11535232
9219899
8191938
9219899
10842764
9633691
11101158
9016473
10446618
10180926
11413416
220069233
220067383
220067383
8169013
7840647
10904142
9781088
10472840
9661971
9661971
8664825
9949844
11034120
8789054
220069237
10600144
10455014
11607702
10472840
10284873
9974224
10071547
11034120
11002628
10899565
9498520
9863294
10062430
9863294
10062430
9271346
10580042
10341802
10454819
8542658
10341802
8324026
9785871
220061328
220061328
10671023
220051899
220063443
10180926
220063443
7706680
9248109
11053303
9551058
8540999
9243403
220054249
9034908
220054244
9331494
10052978
9818440
11640835
11691406
9769535
10933816
11450637
220028170
220029078
11081495
10205475
7907502
8126226
10752548
9533881
9533881
9533881
10934259
10934259
10934259
8054524
8054524
8054524
9299704
9299704
9299704
220068891
10704387
10945339
9482470
10062430
11724542
10955406
8170778
8855510
10513359
8190296
9195529
10949354
10638506
10807649
11718035
9831063
220062571
8126226
11372038
11719076
11372038
10610865
10133425
9364518
8268298
10856645
8465713
8590809
10901994
8944666
8176926
220057408
8396890
8176926
11487559
9152580
11217978
220012985
10989399
11225173
11097407
11667129
10571444
8354755
10335562
9572850
9245451
9236638
8316683
8316683
220024279
8993297
220012985
10954871
11225173
10429082
220018834
8552077
10555269
11710607
11718035
11164485
220064497
9786832
220017150
8568461
8568461
10217997
8568461
8568461
8568461
8568461
10217997
8568461
9062269
220024237
9584446
220017402
220017413
220017413
9614599
8645348
220017413
220017413
7939478
11185517
9101216
10903650
10566081
220023856
8915783
10167222
9318847
10167222
220023870
8979829
10760502
10739621
220069265
11122232
10752475
220023864
220023868
8888449
7865739
220069264
220051591
9445928
8378068
11032839
8378068
220066524
220066509
10483656
9972619
10173332
10483656
7817059
7783298
8741660
9204584
10499043
10813666
10474357
10021064
9819075
220068868
11028341
11139495
9127667
7937283
10255608
9917357
50049519
7802749
8673808
8744482
8673808
7802749
8673808
8094781
10021064
220065132
11475920
8744482
10307871
220048442
10589397
10564943
9391616
9741023
9313292
11115716
220023607
10866673
9362555
8485623
7849540
8094781
7833488
10146899
9439081
7829947
50015188
9133761
11091201
9239600
220023251
9154431
8595238
8432222
8595238
8432222
11313842
9340786
9602492
11407450
9102221
11439878
9598182
11146002
11144416
220053885
220023871
9387884
220025853
220017407
50149048
10285496
10802050
10206883
11748236
10363837
11495708
11481186
9155158
8488970
125799
7793388
50215761
7866182
11141605
220040635
9401849
7682302
9509394
7702899
9441808
7782418
9441808
10457573
10457573
10457573
10204716
7782418
9253505
220036289
7834662
9441808
11240426
7795612
11495708
7805802
10457573
11265368
10772754
11738757
220059011
8396578
10082677
11398734
9785871
8105030
8933388
10319583
8213847
11071911
8557916
9924612
11761422
9869581
8374725
8654796
11201695
9785871
9367171
9590556
8503562
9616240
220069275
10256384
9880242
9584718
9387662
10068008
220069279
10698906
10675708
220069636
8150706
10588427
10516616
9730467
11059796
9975401
9975401
9975401
9326431
9433717
10213590
11368964
220056466
9006321
7856913
10827867
10582478
10295561
9254347
10695268
9559281
11638810
11609210
10996803
10122846
10857172
10068008
10737409
9823593
11433428
50168181
9695965
9281840
127418
1541901
7817499
7692727
50041667
7683571
127501
8080545
7793241
10588380
10056402
7735360
7678234
8205113
10737409
220037887
9356761
4829003
7770956
10355867
8400474
10135069
8671517
9238816
8601635
8269271
9733390
9621905
8758774
9124863
8750859
10549739
7821880
7774684
8455850
7806875
8645570
11264648
125662
8369692
9833645
7681340
9788075
7784715
10485001
8203397
7717091
8033254
8584948
11077496
9383153
9307905
7822692
11710968
10991779
7729604
11655314
123976
7700533
7910905
11719788
11182835
8676088
9128333
9811231
10043869
10097170
10165677
11368827
9059074
10855700
10855859
8539058
7791366
9431814
7844664
7744121
8891550
9641338
11673654
9354310
10478441
10446675
10255029
10378986
8380724
10978676
11315512
9439829
9596037
7841481
11607096
10774072
9387487
8996772
11290062
8557271
10255029
11476246
9154298
11432073
11179095
11032225
11684534
10881630
10349563
9918107
10608656
220068557
8671395
9726874
220065941
10545465
9680148
7788861
11071911
11289658
11389985
9938081
11440844
8181062
220068032
8709873
9908623
8181062
7686465
10364386
11364253
11364253
9342419
11364253
220065939
9592963
8557638
9516939
11626344
8175468
220046083
9091367
11338520
10836316
10458501
9648717
10084376
9031307
8075885
220048522
9360328
220048524
11121229
220049942
7783487
9855966
220009457
8180855
220058096
220051993
9555508
10661249
10661249
9518021
8810186
10450811
11313127
8890360
9006894
10221410
8504639
10749037
10423137
9382709
10041638
8385028
11185613
9989116
11179095
8387165
11289608
10349563
8387165
10721109
8069239
11032835
10633591
11645684
9147976
7783003
11645447
9339283
9339283
7726670
11513796
10568300
11243500
9820474
220063273
11471872
10720518
11252038
11067890
9217442
11450398
11553173
10880876
8504639
10586910
10586910
9938081
9938081
11471872
9360328
220069959
11080051
10263600
220069961
9278698
10688499
11151897
9334042
8274431
9645560
10808724
11645438
9432090
11368827
11290420
8610335
220001848
11295190
11616772
10781892
8699517
220068727
10115095
11707107
10258663
11349428
220002422
11290651
11243522
10987133
8202179
10919904
10827130
11522954
220059726
220001413
220013104
220063275
220069961
11023513
10507256
9952299
7979728
10143111
9138565
10892643
9125219
9363130
9487831
220069498
11333895
9125219
11179095
10053185
11032794
10808822
7809284
10655665
8934853
11500855
10849255
10063289
10168315
220066506
9531986
9438358
50085649
10612504
9882540
11105673
8763185
10195738
10195738
11394738
220066043
220018081
11590390
11129299
10123005
220040234
220066481
9928738
9143297
9928738
9578843
220069426
9301899
9866367
8321075
220069426
10677892
11122789
220004078
11554765
11728105
220040234
220069445
11129495
10720244
220069351
9419747
9879829
220059011
10412384
10892643
8335287
11334295
8342188
10339727
10895603
10339727
9051094
8861517
9265299
9382709
11669361
10336928
9651864
8374654
8993887
9376376
10247301
220069426
10600473
8499062
8372101
9051094
8767920
9095868
7874625
220069368
11046597
9966493
11320063
11347875
220069526
11701006
10782251
9861771
11076902
9539198
11655191
11354916
8257509
11252872
8023573
10825945
11651022
11081098
9345739
10997752
11099096
220065132
10523114
8922217
10994255
11076571
9995583
11521260
9568983
11246271
7966516
7759406
9682856
11432054
9682856
11178604
11432054
9319184
7802069
9421630
10787564
10471675
11450786
10317977
220064459
8498358
10888841
9149255
10303906
9917529
220040241
11446652
8648297
10275569
8914620
220067310
10376300
8646146
10568485
220069959
10538478
9531986
9648193
8673503
10256853
8897862
9316581
220033991
9934078
10995255
9649639
8819204
9934078
9213835
9516956
8819204
10534698
8468887
9132671
9879162
50197423
8545454
11650948
8379455
9521273
11046891
9877623
10426195
8904742
10202222
7871589
9521273
8684356
11244181
7871589
11033936
220053322
10821961
9877623
11530692
10199749
10329587
11228705
11435752
10626172
10009181
220069351
220069972
220065182
220066539
8374661
_templateFiles
9440815
8648297
11244403
11032794
8468887
10803609
11289615
10047110
220033991
10235936
8054599
8833589
10386438
11723861
10741959
10801124
220063811
220066539
9553791
10803115
11035775
11035775
9185708
11182479
11035775
220004078
11307700
8745040
220070007
9025385
220018965
8761271
10563236
9819044
9749409
8662837
10546623
11062032
10675708
10245467
10714843
10546623
7728018
8084859
8084859
11315512
11694038
11048625
9967064
8890402
220030273
8533529
10823395
11197987
8850206
9240090
10518970
220049626
9329930
7926131
11263472
50189774
9161711
9596006
9943788
220065983
8244378
8850206
9969337
9272231
9927366
8890402
9416890
220051477
220061066
9532007
9073763
8673503
9752265
10640298
9672957
9416890
8371870
8079914
8456946
9995583
11040659
8264612
9488461
8240886
10895879
11201695
11718960
10088715
9702139
8840777
10842175
8257475
8438511
220037393
10574554
220038035
10515677
10674871
11581008
8048402
11397087
10973782
8129602
220000699
9000436
11577951
9778527
8257475
11625506
10294019
11577425
8119762
220002570
11587633
10389822
11447012
220029077
220020745
9548287
10261694
9876112
10460737
10981066
9165504
220040234
10357025
10103737
10546678
220054039
8074791
8074791
10261907
8320656
10959102
220056351
220027894
8255551
11620471
9799601
11282045
9102990
8772216
9416890
11626868
220032724
10558585
220064135
9878774
9878774
8781322
220040234
8709483
220054945
9012715
220069959
11480120
11183908
10736252
11637886
220063206
10403137
10103734
11328263
220067387
11330270
10668825
8095863
11046597
9973134
7826967
10516552
7952708
11302254
8301999
10237365
7952708
11278149
10653767
9680126
8284584
8708568
220070023
10163597
10653767
11384826
8779974
220057465
9809634
9786005
10532397
11032794
10620624
10368500
10690446
8258525
10545250
220061979
220061979
220062373
11617081
11613670
220030217
10823815
10411232
10411232
8207739
11670215
220052086
220064136
11221302
220051404
9342394
220051404
8358413
220061361
220061361
11402834
10536945
220045494
8959313
10411232
10536945
220061829
11493673
220061829
220067387
220069953
220028361
10064046
220028100
9910188
9910188
11109112
8583746
10411232
11320558
10483089
11550701
10059841
10208741
10396985
10483089
8431350
8324414
10803680
9486828
10223380
220028100
11593375
8559698
11626868
10983746
9508017
11553173
11560702
220036819
11700927
8535787
10317466
9334901
220069460
11259396
8395671
10543716
9504162
10929042
220036979
11440681
8125614
9602507
9243526
9602507
11381612
220067005
8357083
9860134
220046867
8666824
10042171
10749572
8510463
8118441
50105882
10356872
220064034
8746854
9364606
10180922
10727823
9883216
8397227
10830460
10444907
11471859
220070056
7991730
10801218
8353494
220069538
8354621
9076064
11328263
8012701
8907171
9561076
10745569
9025513
8026315
10597343
11490418
9352682
11118081
8354559
11352320
11065965
9402427
10389822
8362564
8510463
8355027
8356253
8356442
8362564
8481960
8490669
8334607
8336506
8481816
8336847
10155383
9344808
8177396
11111250
8337776
8338166
8338377
10921549
10103734
9530189
220047325
9195318
9166879
8510463
10882501
9642918
10103737
11290651
10262503
9081474
9986152
8195173
9796274
10196125
10372712
220063335
11756744
220063335
11756744
9466933
9205407
220061666
10890715
7903524
8958839
11350770
10328015
9458021
10046663
10089483
8258475
9644961
8195818
11696363
8176788
8258475
9644961
11696363
8195818
9443132
8650569
7973645
9185020
8084812
8346620
220070056
10554919
220023735
11219971
7971557
10677456
11511078
8071901
9416854
11718705
11219971
220060989
10571178
8808059
220061664
8346620
220068684
8948609
10750948
11705103
8346620
9186546
220046923
9393704
10801237
11257324
7963119
10747858
10859484
9436167
9393704
11428216
10299868
9894823
220043573
220040234
220027894
10465654
220044173
8316295
8339751
10424637
8650569
10419670
8918601
10162211
7999935
10123788
10508578
8757392
220056386
220044091
8132868
11637654
8725271
220056455
220019021
220043735
220056351
10697274
11271970
10994255
10803698
9393704
9393704
220063206
10656035
9746023
8008646
8174428
8030120
220066627
8340089
9087388
8340990
11634243
8342802
11033536
8343224
8343384
10912911
220067403
220067403
10424830
8497212
9858792
10767702
9741482
11431853
8541200
220067393
220067393
8652265
9236424
220069972
220046867
7848858
11580979
220069972
7983439
10741959
220045582
9258317
9486147
11174229
9810925
10191094
10226874
10639329
10646494
9741480
10816804
9702139
10620624
11705027
10819086
11269858
9436179
8341806
10914774
10837698
8428214
220065169
10688741
9091217
11167158
10524261
220054778
8182583
10800732
9436185
10844985
220051404
9189008
9466135
10277606
9950128
9352682
11728162
8758173
8657110
11301740
10650004
11116995
9672957
8482199
11599365
8119619
9788865
9189008
11617101
9944162
8632427
11074765
8496464
220069965
9741504
10955945
11110632
10824145
8184795
7968287
10419793
9464330
9009922
10411232
220029408
11225837
9295471
220067492
10793720
11004946
8805028
11593147
11079767
9535639
9249980
11212514
8343990
8344075
8345849
8347892
8348459
11728211
9308561
8348788
11298359
11566092
9605756
10186797
10411232
7786405
220034795
8683392
8790704
8906712
8913006
8928421
8913006
8657110
220019021
7997744
8583746
10111318
220036419
11637886
11522146
8354150
11197604
10677456
220047153
9409991
1542655
8069239
8805550
8928421
8821087
11608139
8174428
9662482
10803132
8231355
220021541
9148003
1542655
10252365
8494040
8778235
11326086
11659059
9662482
8242658
10923613
11252253
11471919
10729882
9148003
11167055
9842616
220036404
10800732
8184795
9025513
9025513
8888685
9189008
9591475
220016713
220016713
9287027
10730184
9779019
11601461
11670251
9466776
8808769
220034737
9009922
8481458
10419793
9543258
10419793
9847824
8481458
8745268
8768337
220034737
8310217
220067959
8246794
9464312
10498208
10923696
11383790
10707193
10668753
8182593
8158178
10074039
8720091
11592030
11109618
11405335
10833831
11482670
9680721
10438507
9699728
9031961
11718705
10241964
10800484
9947278
10282987
8425061
8346881
9464042
8723092
9911642
8346881
220034737
10621951
10936925
220043553
10089483
11218239
10074039
10600320
220035808
220052086
11352399
220064136
11645439
220061361
220051404
10510829
11619900
10600320
10699863
9972589
7965832
9957890
8027186
10241228
10358499
10415358
11352399
9564505
11409901
8049773
11250080
9813545
9466475
9721361
9273780
220050706
8361052
8010306
11201739
10444499
8183011
10145649
11132066
10444499
220036493
8354554
8821087
9610932
8656762
8821087
8356752
11620036
9886784
11613130
11409901
10547219
8346389
7997744
10485101
11322594
10415265
10924527
9932304
11031615
11493043
9158893
10825247
10718353
9482959
11700987
11250080
220054111
10383881
220069965
220036412
10649645
9479219
220068065
10858093
9630731
8709483
11409901
10803132
8122041
220054778
10277861
9915157
220065724
220054778
8486364
220036420
220021541
9835998
9835998
9385017
8981455
10160440
10730184
9160932
11637654
8356520
8322534
10252753
220035840
10467244
10927030
10529679
11364656
11541881
8195898
11311574
7852518
9087388
11435271
220065635
7717489
11656496
7913914
7972416
10068560
220069362
7921802
10801076
11250285
11014222
10181669
10321018
11174229
10371495
10258303
10668780
10591380
10808724
8276181
10597780
220068905
11299510
11351090
8819624
11354216
8465895
8362736
11254413
10439944
8261343
220065635
8588906
9097461
10827599
220053070
10792970
220063206
11697608
9504199
10792970
8139173
10321018
10321018
9890596
10685385
11447623
11316228
220065635
10119177
10712478
7920070
220036376
10407778
10937532
8987187
8771862
220054361
9767129
9627867
50124572
10119445
11087670
10783151
11218076
9844984
10688824
10688824
220048905
9412317
220016961
8959313
10071013
10605074
9852261
10084438
8571557
9029783
10546623
11613618
10635105
10886386
10012889
220052843
8352576
9029783
220066841
220048905
9364202
220069460
220067310
220067310
9501057
9895039
10049259
11129495
10635105
220036399
11290420
10566531
9856087
11674592
10461077
10914124
10762151
8307280
10481894
9021827
220035845
10615003
11249724
8342970
220036410
10128148
9529708
220065635
220035859
7839124
10888833
11014222
10161659
10914124
11613130
220053070
10264891
11102219
10264891
9832591
10078448
8827389
220067492
220051337
11604747
11604784
11376815
11604747
8717790
9998037
8347628
220066841
220062735
11638239
9911122
10983956
10983956
11302192
11552972
220048643
9611005
220027492
10196459
9611005
8228064
11254991
11431594
11278149
8546383
10707193
10712737
10355247
220018817
8745547
8878975
220028478
10707193
10383082
9398838
220052816
11429961
9623153
7845636
220056984
11728162
8709483
10894760
10546623
8583840
11102219
8571199
11695608
220048634
220069460
10894760
10383082
9979834
10995474
9591475
11554765
8195737
11683221
220066129
11338399
9692271
220066850
10796482
220068690
11695608
220047995
10696269
11738202
220047271
9616600
220046400
220048754
8936078
11473023
11394738
8464815
9855789
10946492
10966608
8761192
10262543
10921237
11438617
220029840
11272065
10197141
220068688
220056310
10817148
10905793
220044196
220051348
9145860
10761208
10355823
10383671
11728211
220068734
11328562
9799601
11105673
10753407
8652204
10473393
8992094
10586146
9779019
9397647
11116995
220068739
10518554
11718644
220042916
8119619
220068744
10442584
8992094
220051440
8857276
220068747
220061065
220065761
220064044
220063759
220056317
9899218
220019802
220045507
220057262
220056983
8642339
220068550
10278722
10366331
8763185
11562668
11562673
10273318
11325277
10612504
220070019
8181946
9438358
10628950
10201398
9769138
220047891
10628950
220056977
9439714
10554919
10212324
8205846
10558277
220018817
11666166
11540334
220069533
8836229
11159561
11540344
11421214
220040234
9883969
220040234
220032724
11471841
10989534
11004946
220064051
11325277
11711001
220070055
11348516
9526886
11577418
11575818
220011914
8225268
220066539
220064600
9998037
8667011
8418654
11563306
11576734
220070132
11338070
8667011
11366529
11338068
220069887
220035605
10989717
11015047
220025754
220049626
220068734
8210923
220046806
10436998
220068739
220025754
8761192
10563100
11271620
11366449
9769138
220064908
11659271
11540334
8011300
220068883
9439714
8023100
10631049
11130080
11546899
9817397
10164041
7678945
7678945
8110071
11656931
220070110
8020826
220044855
11048950
11501116
8490795
11490418
8619448
11064274
10933386
220067107
50196233
11562533
10065835
8850206
11516726
8462781
8023100
11316309
11532183
220065933
220026267
11719548
8343384
8471514
9419194
11609548
220066131
10065835
8869714
7816810
9273780
11103175
9608210
8127299
9204808
10358499
10803685
10803705
220067107
9118116
9788692
8115355
8947041
8980643
11705111
9336079
7817069
10892415
9486793
9932738
11122769
9108283
7768697
9663599
8190296
7717486
11068955
10925839
220069533
10415850
7819058
8868168
10073496
9261336
10266116
8103864
9741474
10565326
8042039
8828508
10985462
8327608
8248638
8994689
220039802
220067439
9262761
50211146
9511997
10065835
7931904
8667011
8190296
8596538
10929022
10580736
10925839
10454819
220005075
10551861
10076454
7786806
7778186
11056702
220068892
9394848
11390092
11103175
8247329
9192019
10510034
7786806
220067383
7786806
9525837
7778186
8752089
220064600
8205846
7740790
11607448
220069975
7770931
10103309
8490795
220068065
220061021
8898996
10412906
7720672
8103864
10976051
8712852
9368244
11054577
9393702
220064566
220018427
11087673
8306104
220018427
10428793
10412906
10412906
11025098
9374588
8039786
10119445
8715767
8128680
9103471
220066391
8988068
10248618
9978525
10084438
11143428
8949941
10881209
11617101
8326901
220005075
220028361
10959095
11249952
10991847
8540446
220065174
9373748
220068297
11688540
11293274
10594447
8129602
9074233
8816537
11480077
10976961
220005075
220066395
8867262
220053070
10248138
9136946
8191779
11700988
10233873
220069233
9818056
10434309
8821087
9975212
11074665
9271327
10582834
10582838
10582883
10582838
10582883
10583455
9407617
10145228
8876209
10225841
11572706
10085966
10583449
9890596
220068734
9512900
10876887
220040423
8366525
10582852
11497757
8818700
220069566
10583448
220068307
8928345
10586113
8928345
10632528
220024583
7888813
9626303
10689038
9949921
220070132
11700988
8426170
10419899
220070132
10583446
11293274
11293274
10652233
8799272
8503356
220050491
9251332
7993994
10053696
7968287
10582844
10582850
220070175
220069236
10718091
7940530
8670175
8761013
10605074
8259671
8271219
8599345
10562874
8483745
8366525
10594278
9030315
10594301
10594364
10594304
220069236
8042487
9030315
10594301
10594308
10594304
220069236
10594306
10594301
10594304
10594306
10989147
11709945
10989147
9427355
10594308
10225965
9954744
10772143
10594364
9934862
11208772
10324886
10942755
9513795
9567332
9513795
11295318
9567332
10936478
10640902
10936311
10778077
220070043
10821524
9978334
10821524
10048818
220070132
10654185
9978334
10496654
11480120
10416375
220070132
10695544
10814931
10550710
11351268
10597251
10790853
6410781
9556124
11137494
8414542
10959773
10119186
8718291
8947647
8101851
10594320
8029069
11040068
10582876
10598122
9555575
10582841
10594356
9019323
9664278
9540263
10582841
8133688
10196459
10555987
220070110
10181305
220068892
9821925
7778186
7786806
7778186
8595539
220062365
8103864
8752089
9785871
11054577
7793676
10718320
7756193
10149608
8320958
9196976
220062365
10594356
220058909
8059373
9024965
10453630
11075372
50182359
9401565
9479475
11137895
11137895
8584400
8941295
9500841
11249724
11637654
7678801
9995109
10128148
10510534
220067446
8364914
8610210
10690125
220068395
10181305
8246102
11616253
10946190
10188333
8667696
10936478
10820025
10188333
10821524
11616253
8400741
11495922
10601941
10695544
8320958
8649969
10878402
9424816
220063585
10418979
11169877
10821615
10483476
9357251
10510534
10776083
124027
8099710
11000968
10658960
10979656
11573086
10583775
10312728
10955957
11569415
11573039
9008136
220045605
11239497
50176380
9312588
9264773
11134457
220066850
8118523
10800045
10979656
10593660
11487050
10583450
10892547
10934037
10642079
10087313
9208745
10709003
10582926
10594370
8586415
10547258
10585511
11353671
220067721
11323331
9032697
10933519
10947168
10825945
9397367
10862916
9401951
8950013
10582895
11478740
10628853
220045496
9210968
9767757
10582864
9509745
10582860
11116995
7834091
10200684
8560180
10695544
8202990
10198371
10695544
8218168
10582858
8222689
10951433
11634773
10710593
8170828
11495922
10821524
10820025
11519083
10483476
10821615
220045496
10878402
10936478
10582837
9507953
10690125
8364914
10821619
9470557
8649969
9281617
9196976
9964675
8554456
10966619
9971855
10511294
8550475
9404025
10977237
9357251
8667696
9602055
8951271
8194560
10252753
10413900
7683399
10594305
9526380
10777384
10020011
10761529
220050790
220032572
10594318
10653767
220005853
8228064
10643906
10046406
11659271
220046451
220045875
220046451
8420039
9380967
8532259
6410499
7748431
11656931
10582886
9851121
220067107
10264891
8685439
10583453
220046400
7963871
7694823
10445147
10620322
10594373
10624577
10861701
10146744
220062875
73831
11637654
10597780
11536939
10583775
11623116
8856209
11584030
9496055
11717764
10861701
220045496
11719748
9926560
9352569
220037694
7984241
10347660
11620430
8001890
9830769
220062752
8507502
8082626
10328244
220034417
220022333
11616471
220042292
9546505
10057845
11257404
220045875
10225721
220039072
220039716
11495185
220039694
10978784
9894843
10005324
9219854
8271653
220033008
8212209
11584297
9336447
10406778
8473297
11741961
220033075
9767757
9060830
9846654
11758414
8552484
7817096
9806833
9397150
220039802
10799753
10141909
10254684
10475069
10141909
220017805
11573293
10254684
9583390
11072422
220059714
8983076
11111747
220059714
220039900
11532429
8667691
220054105
9771842
7768332
11232148
220069518
11683396
11072537
10847309
9197955
8210876
220059714
11493328
9870093
9655881
8079030
7969837
220063209
10252607
10347079
9783133
11177744
220063878
11402743
11117654
8898325
10189002
10788024
11352320
8060245
7746303
10631533
9379994
11705111
8929930
11311076
9165075
8657844
8906712
9765646
10847309
8343183
9444748
8541604
10252817
8993887
50120365
10893452
10530279
9135921
10767702
10342552
11700988
9866693
50200669
8206111
8769672
9135921
220047539
9444195
9982625
8341833
8343551
8344171
7731568
8344235
8988773
11006183
7790806
9172336
9877596
9529791
7790806
9529791
7706571
8344475
9879293
8344524
8796448
8344769
8344892
10386597
10618288
8953892
8742881
9367472
10976490
7859161
9879044
10591758
9152737
10624578
220019802
10593659
8346006
11287588
7818027
11190827
10591759
10585198
8533532
11717597
8340641
10277771
8346635
9473476
8957660
10414389
8346963
10012791
4827342
7748429
8347092
11097393
8592486
8937613
8826063
8870960
8348632
8662111
11241382
8172484
8738700
8809591
11532429
9608210
8809591
11717598
10468107
7981063
9452787
10164750
11717599
9034950
11717600
7869777
10347897
220059424
9756703
8840928
11717601
10631533
8808192
8749965
10460221
8537731
8348009
8463256
8347189
8042029
8361751
9252907
10786154
8351053
8360951
9973151
8934142
8483329
8351571
10431757
11184106
8353422
8409547
8353030
8352573
8352616
8269095
9878404
8307000
9122733
8352843
11374152
9122733
8758373
7878779
8187784
11153235
10606776
9038755
10479834
10621007
220021805
220016961
9610932
9466475
9608210
9349356
10269562
10376263
10467316
220061503
220021768
10404465
11353532
10684384
10347660
11503038
11618022
8352843
8814948
9179477
10546127
8353527
11598016
10210079
8682971
8202990
10965423
9019058
9530406
10678955
9240632
9647952
9317862
8502040
220053428
8054055
7862878
220066176
8340879
11613670
8358492
11106468
8953917
220052568
9369290
8353103
8922786
8355803
220059715
10867524
8895394
8355870
9553968
9410808
10729605
9670671
8945352
9670671
8356061
8429393
8356103
9681133
10348666
8988773
10678545
10316866
9172336
10134479
8809137
11713735
8762954
8420039
10215599
220067578
220066726
8202990
8356389
8605859
11006774
8765216
220067578
10417423
7921404
9323618
8356573
220058010
9317798
9980732
8535191
8314342
10668870
8592684
10691755
10867524
8333575
8029571
8358494
9172336
8397573
8049781
8358689
11220355
9980732
220063122
8360607
220010766
9224381
8359042
10909030
8980718
11316309
8762884
7784404
11314820
9980732
8202990
10433623
8881997
11547567
7908100
8022224
9117283
9885830
10578188
10278998
8235692
8027281
8358609
220060957
8360433
8080356
7972490
8360648
8595343
9372893
9980732
11755834
220046873
11113221
7822470
11113221
11137895
7847680
8352614
10776881
11195608
9654508
9340316
220025754
8578667
10576429
93916
8554741
9842152
8803097
10809594
8551454
10821614
10866369
10549793
11241918
9541362
8355120
8348480
220057750
8361072
11113221
8361339
220065327
8657948
7962527
8658004
8092354
9192040
8498425
10003227
8583746
10808544
10934636
9006192
10767053
9532009
8019024
9179013
8688443
8609112
9927115
9198494
8362594
11184293
8488611
8362615
9319572
9331535
11146794
10681587
10310812
8333286
10729882
9614338
8333421
8351773
10106151
8333653
9992946
9367599
8254266
10376308
11012163
11464593
11086569
7838496
9867385
9888149
10077237
7887439
11113221
220021094
7699185
220037829
10208101
10247771
11028484
7777746
10814504
10592738
11370531
11719208
9642563
10548442
8532259
10808751
7748431
7895145
10628950
11203615
9441244
9821925
11640588
11431594
8501751
11656163
8025266
8108620
9403932
9157861
9790858
9387583
11398486
220070215
7847680
9654508
9882219
220064283
10247771
11497920
72311
10375275
10419793
10637170
10716905
11220355
9370911
9568983
9479219
7730545
9803766
8547785
11588078
9332169
9386574
8130673
10337497
8329165
11316309
11180261
7778710
8243250
220025754
9582620
8333878
8334008
9406230
10597343
8025266
8334311
8336562
9227754
9365190
11279473
7943158
10535710
8353576
8359360
220065464
9669602
9848428
10805562
7839825
9648218
8336074
11043809
8336506
9469135
8995837
11519718
8336776
8750022
10084377
8336823
8913006
220069083
10237053
9769535
7895145
10734060
8798659
220056743
9448762
10069030
9557386
10607866
9180345
8936519
11758422
9331582
11499538
8874651
10690442
10690522
9669602
50200302
8087867
9279592
8626490
11539985
8627311
10790991
11140174
10790991
9324774
9646975
9611569
8874651
9611569
9355644
8751062
10328568
8982597
9968749
10914275
10612594
9175824
220010937
9636960
8183522
9525158
8752243
9807295
8337776
8338377
10148110
9359672
10976555
8338546
8355534
8338782
8662268
9793722
11685419
9105013
10146744
8588174
8339649
8339700
4917337
10455484
10455484
10455484
10455484
10455484
10455484
11360875
220064588
7835796
10122215
10181011
11699421
9644961
7731220
8982597
10207770
7797857
7778750
220063443
11195608
10237053
11759271
10909684
7854539
11196763
11138102
8033444
220052302
10154892
9018548
9053544
10166926
9935168
9935168
50002360
10006688
11571673
9669602
122006
9669602
748
220051440
8728420
10468883
8605859
11190726
8369347
11061469
9899028
220070240
8751062
220065502
220068927
8993897
8751026
10891367
11115214
10505384
9754721
11363034
9939608
220057944
11516848
220070132
10445131
9928471
8256237
10213848
8853638
10576561
8494356
8509649
10139959
11592435
127800
8683543
9868120
7874845
5501857
9495624
10270633
11175662
10908962
9535951
220047954
10835253
220068775
9175795
11343384
9761565
11345790
220016708
11363034
8980436
7862878
10375275
9277903
10620624
9436467
11368084
220070237
10237053
10298849
9761565
8758384
8752243
8657948
10281525
10863499
9161413
9488011
9309647
8348552
8894227
8029069
7874845
9389063
9670671
11127704
8589921
9606925
9025513
9215789
9034950
10486413
10691755
7710776
10347660
11495690
9416580
10470435
11096066
10678545
10976663
10945704
9042573
7964466
9457256
10732155
10347660
50178758
9814226
10732155
8358689
8551001
8620570
8332351
11436004
8359590
8258261
8360067
8360473
8348552
10347660
9536253
220049639
220027822
11754433
8754834
9539602
8216342
9245924
10901978
10620624
10202931
10347660
11137374
220064607
8360676
8361507
8362273
10969594
90232
10086266
10281525
8216342
9636960
7801530
8463405
10148110
10994255
10041317
7725822
7748569
7935170
9462472
10698688
10784735
220059208
10413696
8704662
9961343
9230585
8350414
10202931
10036682
11569253
220070254
9504276
9768045
8495690
10036668
7828039
10036668
10036668
9435908
8681322
10347660
10396731
9017968
9456821
8689500
9236435
8202990
9504435
11362422
9037404
10347660
9573225
10605074
8077916
9398838
10778148
10347660
8811865
8345467
8551001
10999712
11390281
11336231
9893196
8402660
220039643
10615478
8627376
9596704
8562975
11414459
8506469
9001924
10763453
8723462
8751250
10678959
8821911
7971606
8851653
10838044
11714055
220049320
10066437
11226438
9894511
8177492
11734007
10347426
8689686
10395309
10323021
11568350
8221492
10395561
9198281
10328568
11568350
10519412
7945130
10510145
9700497
220053159
9715967
10943297
8057489
8800670
220016713
8555176
7788096
9152737
9230585
8945352
9245025
9059677
9179013
9186820
9192040
8161436
9229275
9608210
9192019
10727907
9240632
9973151
9349349
9359672
8706471
9367472
10596010
9170143
9893208
10320143
8429858
10566262
11325916
9958255
11336366
8751101
9394025
220036643
220039632
9431537
9387285
9494269
10012791
220050241
11334900
220068065
10317796
11698933
10593796
8335487
9349125
9049261
8738700
10808453
9374835
8356894
8353030
9629928
8377397
7758105
9600484
11084650
11757144
8620570
220052556
10716405
9436878
11724542
220059977
8821954
11103175
8821911
220053647
11569948
10945339
10740717
10938130
10301125
9482470
11568350
8600931
9596704
8200083
220033847
11308074
10336268
7689155
11667278
9446262
9482470
220036643
8738700
8588174
10466381
9008595
220039171
11341989
220036643
7790828
9644961
10368799
9789194
11316309
10747142
10139285
10549793
11639422
220070119
9969780
11566625
10880447
11429122
9157222
220066493
220070294
8947809
10405666
8183522
11049096
9869793
9446262
10705148
8337642
9849382
10739995
220019336
7833186
9049261
11761007
9752540
10139957
11608139
10825247
10315062
10605074
9488109
11759704
9569842
10026792
11195608
8615722
9842152
9589760
11112679
9049261
10026792
9685333
10936726
9814226
220051042
8851653
11376966
10662825
11418177
220019336
8654131
9768045
7995392
9397168
220066379
10783452
10277861
10849942
9658788
11195608
8367883
9101308
9645552
10629795
8920032
9623053
9429928
220068444
10524881
8896068
8478999
10957739
8532442
220022333
11402743
8200083
11121329
8910708
7968287
8888685
9226225
10301125
9269232
220063204
9045236
220056540
9097732
8281442
9655881
9825956
8474276
8639189
11258364
9856672
11017558
11609359
10373619
8118049
10374287
10597831
8894919
10022565
220051042
11687818
10171029
9781804
11518268
11699278
8111595
8807648
8043483
10262077
10975987
220055324
11667548
220068839
8101410
10233998
7746909
8368612
11018093
8967934
10436128
8959539
9569774
10802925
11264724
8947809
11563650
11210470
10662825
11374176
9661075
9153954
11072070
11566700
8204049
220028177
10435971
9038993
11595637
10641716
7797581
10424637
9921154
9535101
11262227
8082180
11713735
11173234
10592124
9921154
11622685
220039744
10419670
50001437
10761599
220039715
220039731
220039735
220039736
220033268
10577329
9925580
9535406
11257450
10230375
220051042
10255331
7792295
8260553
8648337
9567640
11262227
9535406
10785334
8119344
9645552
9645552
9645552
9645552
7995970
11369534
9412317
9477136
220039842
8649283
220039844
8083202
8778712
220051042
9753904
11362421
8920988
10277861
10658603
8054003
9228509
11195608
11717523
11308074
9010148
8772216
10121590
11247422
9908729
220027517
11139405
11139405
11431594
8947809
220055324
9167422
7896484
9702876
9702876
10995474
8758978
9181353
9323743
9831063
50184662
11182860
220066395
10659203
9392843
10511590
220059672
11360257
9742010
8414324
9472068
11695608
7884830
50163247
9421428
11475731
9929504
9606317
8270378
8932809
10851137
220027529
8992916
9325150
10244364
8911364
220066809
220066809
10216594
10888542
9333276
7976307
8377936
11229265
11362421
8288309
50195981
9134036
8100598
8707609
8992219
220066379
7787451
8536525
11147221
8370029
11147221
10398948
11123386
4700497
8594190
9653978
10987457
11260735
7796273
11585288
11040623
8570771
9883276
9319534
8920988
11694639
8570771
10612594
10491755
10202804
11694640
8202990
11153235
9870093
8538288
8947808
9463021
7929014
8122103
8334747
10356442
8343384
10247422
10247422
10247422
8726814
9487232
10990981
9205252
11704867
9001924
8463405
8952548
10438032
9314497
7724972
220044348
10109855
10159617
10316654
10040344
7801530
220068342
220052390
11040202
10917558
9945819
8535924
8080356
8230678
11761310
11379553
10431941
9118619
11528259
8226238
11435468
10741686
11578786
220052732
11395579
220019881
7793927
10358993
10834804
11491924
9482959
220028361
10908962
9645044
7876246
10674744
7856589
10825239
10099417
11554143
10146614
11558356
220040434
11381819
9655881
10368764
8992094
9645044
10632841
9873111
10202936
220052556
9608210
10483097
9711942
7943833
8476044
8549680
9894214
220066625
8634133
9683126
9986566
11361851
9582396
220070333
9568983
11371800
220059778
11081790
11485291
10162309
7911750
10582901
8498819
8594453
220039171
220067736
10010738
7724972
11389123
9321459
8202990
11085226
220006282
11762752
220044833
9008595
10177883
11358051
10676719
10219428
9602947
11428216
10787271
8589774
10232566
9507927
10005480
10964037
10316834
10089130
9432240
11295358
10884587
7822888
7724972
9454733
11553695
10504020
50093190
10333357
8774977
11566964
7724972
9274298
10952856
8083201
10960389
9415348
9106923
7912513
10050287
9798188
8917264
9349681
8903965
9719388
11098046
11427341
9916810
220051042
220051042
9101308
8398219
220066048
7926397
9482846
8184285
11240446
8542539
11031806
9372490
8304986
8054426
9357955
7842147
9798188
11080612
8129239
10584555
10358993
8956541
220045281
9763049
11263331
8789212
10978240
8322534
9454733
220044348
8789212
220058739
8028853
8903965
7725822
9609424
8536601
11202644
220040620
11263331
11132747
9860100
9094820
220067393
11400178
8316031
11254191
8483622
8322534
9392919
11302410
11389142
9298947
8394378
220067403
220063848
11670767
220069264
11458325
11525659
7842147
10203122
8060668
11712130
11339838
11672901
11324251
10129313
8202990
8222056
7843505
10001728
8222056
9130107
11062587
7940765
9588205
8090735
7748431
9835316
10277081
9481646
11224587
220063848
11584998
10465466
8004541
10055347
10828844
10994479
8643400
10237317
10526773
9637088
9227524
10312309
9457770
9943538
9584264
9121593
9291899
8688066
9326884
11428751
11262468
9911235
10433623
10433623
8798088
7748495
8719388
11019018
9234998
11450153
11580275
11580275
220051042
220051042
8681786
11166451
8427733
220069907
9818263
220042279
220069917
220069275
220069723
220069735
220069812
220069270
10613404
10237317
9457902
220069273
10333357
9632707
11227264
9968505
11127804
9457770
8427264
8618850
8200593
11571621
9269857
11571625
9722006
11719748
10670087
11307216
9608210
8193173
220069735
11307216
11746795
9967824
11451901
9119857
9399495
10005977
220052552
9698069
11618022
10551861
8246968
9548287
8205233
11519723
9173297
9293555
4827310
9548287
10121165
11098046
10726869
7836681
11580275
9448762
11411771
7908261
9469186
9000878
9516818
9871543
8398219
10466983
10303030
8108620
220034807
10762151
7777181
9375305
9293555
50100539
10762151
8477837
9269857
11567315
11006774
11567315
7862878
9033204
8052146
50052779
8172428
11731777
11438192
10894708
8842803
9115477
7935170
220065952
10598996
9967824
8693677
8080342
7935170
11137374
10738749
7725822
10783890
8319504
220070290
10161322
10782620
7700204
10416448
11414459
10693101
11593576
10124101
220063485
9524110
9119825
220070298
8959130
7863935
9293555
91702
8266504
8510574
9460335
50100539
9151746
8481458
9487426
9614338
10129313
10042910
7779354
7846514
11012163
220039721
9640650
8808746
11225387
220069780
9945819
9028301
8484971
8823727
10250008
10676719
9636141
8679656
10505386
7846514
9537221
10976663
9870093
9631044
10597375
7704238
9636146
8538329
9495481
8327397
8179607
10612457
7911021
10213912
11571850
8983892
220054238
9596584
10260244
10544513
10612459
8183212
11527426
10454308
8510574
10234207
8957660
91702
11711990
11655565
8271653
9582863
9776776
8431277
10651879
10490373
11744548
10058901
11056624
220022918
10559819
11685419
4831986
9896242
6410781
10511728
11031806
7731568
9422095
10009933
10993590
9814264
220018427
8554583
11453875
9182649
220054518
11600030
8824992
9846210
10307512
11705027
8871327
9326696
8694143
10245583
8110567
11481041
7894096
9427355
8341515
10923640
9894160
220064995
11522552
9368244
9589760
8777431
11438192
9173720
10683247
8312646
10731633
10728802
10172200
9161863
9989236
9119825
220053428
10526773
220037786
7895752
9179477
10825239
11737329
9985216
8845755
220041097
10549739
8971605
8552890
8550283
8548430
220070138
50209704
8781259
220053429
8816861
8548687
8549604
10821663
10814931
8783116
7978837
10821663
220033178
11697854
8641415
7978837
10993473
10539851
9695023
11720679
10131414
8308559
9860247
11366449
10129313
10307348
10814931
10773084
10723125
10515977
10118264
8503417
9741504
8218201
7760514
8726165
220032530
10297789
11598016
9192428
10850360
9422095
10852784
8939429
9144230
10936014
10806037
10305094
10864315
220065140
10936459
10864315
8637280
9830303
220059665
11052515
220052667
9842615
8009054
8542539
11133065
10647099
10813305
8542539
9129612
11575032
9332162
8640377
8640377
9893196
10337249
8628804
11012017
9893196
10130014
9908729
8365601
8694373
10146744
10068671
9211771
9211771
10365167
8947522
11486185
11629295
8133194
11081720
10420703
7854539
9695729
11046200
11006774
8187122
7819574
10316000
11712625
11556048
8364583
9345481
7867291
11563821
11037848
220065036
9363423
8174840
220013849
11514970
9719795
9000878
11196264
11519430
9318834
10777540
10564802
9299699
10564802
11046200
8988029
220059134
9144227
11672313
7891175
9274368
220064435
11685419
10665827
8059430
11372115
9935350
9940946
11741651
8502087
11609272
8196344
8510574
10316654
11655164
220057944
8721063
11754393
8732440
8596168
10339321
9753293
8628036
9130107
11568350
7854539
9619323
9189930
10695345
10297789
7886014
11414459
220023856
10309787
11512574
11373486
9496314
8488611
8589774
9801798
8547823
220067578
10358993
220044348
10080074
10297789
7737724
8035478
7747716
220059969
7798738
9532009
8880761
9541362
8801352
8061186
220060229
7842657
11614115
11614115
11614115
11614115
10679437
10297789
9619649
10110669
9032104
8672593
8788853
10475029
7978837
10504645
7893202
8416458
10138041
8478877
10311796
11078029
9513717
8637487
10262908
8314421
8063753
8427254
11569519
10502157
9371610
11608931
8789054
10046316
10825239
7737725
9825588
10097045
9357818
9513787
11526445
9324774
8356089
9548287
11081495
10880447
9032104
9227754
10195541
10040789
9901299
9769535
8725971
11409776
10920801
11077625
9201873
10996803
7825870
10326628
220070175
11358051
220023856
11183482
9354263
220032530
11137958
8309156
220024237
8758978
9695965
9954906
7923403
9453982
220064779
10024464
9227754
9082005
8789054
10097045
9621905
11407187
11264648
7737725
9674977
10328244
8867262
50202572
10937532
11704708
10372712
9783758
11652562
11409219
8785276
10040789
9783758
10803132
9110094
11071573
10262503
11615336
220035700
220068342
9167730
10061886
220044416
10640724
11718705
10094790
10945230
9334901
9997792
220047152
11302254
8118441
220052337
220044593
10365027
9983319
10554712
9936925
8506782
7892976
8708371
8887306
220021827
9708306
8548349
7743149
9497582
9662482
9223758
8997663
9031425
9779830
9002082
8643400
10139302
8692971
11028932
8667187
10391053
4828664
9450462
7944273
10626452
11185554
8134051
4828664
8318875
10243964
9997792
11568865
9274368
50052779
10486386
11603565
10323714
8842803
6410945
9915923
7781728
11614162
7771257
8784703
11193021
8510574
10202222
8099710
7849509
8119498
9377046
11133065
7794058
9164906
50096105
10281248
10871085
11098046
8760226
8564101
9227754
9269857
220049135
220023856
10665969
220024237
11574429
11034130
11071573
220044416
10093733
7799196
10173857
11190442
8864967
9662482
220068639
9914710
8939429
9724637
11382416
11466526
9724637
9628337
220061841
220052286
9724637
9724637
8375676
8253884
11351671
9324774
10337497
220026902
9822924
10634300
220050149
9311335
220044656
11423117
11117550
11240106
11761441
220069592
11246629
8689500
11262122
10479834
8752243
11016877
220066472
9185520
8719388
9924451
11605943
11605943
220066472
10673413
11062815
11052526
8564102
7909088
220034862
10069156
220068631
9534011
10467316
9913313
10026792
8548349
9227754
8914096
9409033
220054958
7747716
8758690
10993246
9834132
11006463
9577520
9313292
9456801
10601752
10596431
10165813
10785474
220065301
9090096
9354330
9952903
8681912
9674977
10872141
11502128
8700554
10138488
9315640
9845766
11692925
9925470
11481282
7944848
10604413
10485564
8649269
10353690
8936519
11450834
7999287
11491784
11423154
10936010
10049764
11423156
9719040
8988457
11692925
10472863
7708797
220069932
11273282
220053171
9148221
9470318
10467316
11382007
9749897
7944848
11094537
7981903
9876770
9449668
50138200
11427158
220018427
10374176
11414817
10566706
9198771
8989662
11400504
9586541
9998169
10206911
9632891
11382416
7991543
8262762
10591439
10857827
10314422
8545980
220041271
10967274
10094102
9472662
8936519
220065233
9722606
10511850
10878343
7801561
8565633
9513843
10093949
10238601
10815085
220044348
9155379
11415175
7749571
7766795
8602670
8238765
8507329
11670324
7944178
9588631
9415150
7944178
8952051
220065008
8988908
8153346
11549624
11709429
8689500
10445238
8921676
10596432
10314966
9036182
9593825
10432273
10135433
220040471
8778971
220067004
10212468
7874802
9568243
10913846
220053153
9171960
10010807
10678955
220066004
8677236
10675808
8365644
10742557
8040181
10138493
9846210
11727404
10619330
10608288
8968256
9936925
10364744
11615170
11750822
220052510
11034475
11610056
11104691
10640724
11489619
10234507
9680655
7821844
220066906
8265731
9291899
10561823
9084974
7909538
10715598
11500859
10142866
10786670
10647099
220057395
9349572
8728420
7869132
9705899
11496294
10406482
11586713
11398734
11484757
50211056
9409569
9742837
9451543
10026740
11273987
8868095
10623012
10609950
7708797
9468755
11081720
7762813
7762813
8827276
11115459
9266603
8942556
11423156
220066952
220003728
9905821
10478347
220066977
8905838
7716840
220067002
11762174
11692925
220035961
7828243
11692925
11068955
11643433
8308203
11382007
7911021
8935065
8992345
8477693
8574887
8476044
11726829
124973
50202406
220059586
11403707
7864349
9447930
10936010
220052947
8702795
9350536
9504967
9161226
9712058
8998583
9043409
10782073
220068444
7981247
11233732
11659704
220067229
11586840
11708230
9702876
9608666
220035961
10698632
11754640
10609950
10775425
9356122
9313376
7777746
9209251
7944178
8867576
11037848
8118057
7723495
10468981
9467540
9719462
11277844
9244312
9900171
9069472
10001951
11484831
9724637
11761442
10506217
10619312
10170669
9173961
9293905
10177032
7980388
9355841
11277844
8241293
10675808
10667351
8929170
10670600
8562113
10687280
9525625
10209905
8903965
10780141
7739644
11180995
9215832
11163283
8319103
8861438
9173961
7685948
10632343
9976360
8648337
7714611
220053411
8980576
10052136
9849407
7854221
8630472
9219129
7908261
11370305
9545497
8733854
8748662
10963753
8991941
10148497
11690895
9264773
8643532
9899266
9438514
10998786
8207649
9059582
11355954
8104426
11527893
9173961
8696980
10892113
10234261
8308947
11400504
220063682
9770572
10500410
10703018
10504020
11148022
10148497
8503417
10148497
11370305
10500410
7825870
8561162
10701492
8877483
11702627
9048684
10244390
8532886
8484782
7908261
11251807
9790924
8975268
11501822
11083969
7803892
8706717
8035013
11302410
10887928
9020332
9484553
9054759
11543330
9303357
9324794
9199293
10782073
7738447
7849247
8887148
9579167
10121029
10638913
220058435
10287692
9840839
10064047
7719298
4831986
10957739
8725507
9094743
9521018
10202936
9794816
220058435
9335012
10229049
8887874
9199465
7811677
7941859
10504020
11762174
9152065
9750778
4826723
8676138
11486185
7911021
8864811
10539434
9398979
9031054
8990287
9495812
9148581
8966684
8897161
9057212
7907214
88133
10564189
9664278
8540999
10946960
7790940
9121403
10775425
7810695
11216597
8057555
10838061
11007577
9360210
10831346
10299102
10407826
11649006
8939429
10923700
9360198
8799272
7912658
9614412
11364404
10436128
10172099
9864432
9616697
11742949
10505404
11270305
9924499
9924451
7858267
images
9980694
8065478
9067361
9291899
8532468
7749426
9335400
9145399
50210350
9616697
8986396
9685856
220070508
8920988
9494948
9354310
10130895
10130895
8898325
9461356
10280504
220055986
11466482
8560615
9951246
10747142
9544109
9069098
10023424
11688017
7810886
9285387
10305094
8838082
10871085
8006213
8734993
10755090
10172099
7818150
9146473
7941859
220035262
10601858
7818150
9463482
9451999
9057212
11523476
220068998
8998583
8036924
9702876
8036924
9082005
9411803
8567422
10305094
8813213
10130895
10931352
11562504
11299965
10026740
9940946
10372061
11703689
11052515
10429169
11052515
10096698
7799414
10993589
8055068
10993592
7735048
7799414
9541533
8920988
11556154
7911021
9916050
10096124
220059329
10169902
10902366
10888076
11358051
10990340
9266603
11416089
10050123
9682759
220070508
220060081
220063848
11523476
10172200
9951246
10169902
8055068
8728420
10267397
9445931
10026740
220063106
50185375
7910554
11568350
8682633
8746418
9215517
11226908
9241948
9811604
10151809
10676648
10676651
11026405
11498771
11498780
11498786
11052515
7876837
7943158
11523476
7731568
220063848
8878666
7998404
11275238
9544853
10357318
8628066
10503214
8873892
11070722
11084615
9337402
9497953
11354954
9765054
7906980
11512574
9826217
9990852
8813213
11759271
11394507
220052667
9485602
220053641
9485602
11176140
8809143
10974673
91702
9698594
220070327
9630913
10766307
50002215
9963878
7760514
220070422
7819574
8483909
7760514
9504276
8483909
9990852
50142631
11697409
9270698
9230139
10775425
10676651
7833779
7872265
9935350
11328473
10475152
8039495
9990560
11310421
10911516
11562504
220070422
9457256
7864349
7864349
7864349
7864349
11425983
10526775
8746418
11761041
9108867
11679244
10784196
9970017
9024059
8878594
9604814
10512713
9672197
9436467
7710535
11697409
10713031
220045496
10469076
11429287
9836415
10172099
10333131
9541362
10813305
10751092
11358032
11697409
9289334
10099144
220060081
11495579
9997814
11429287
10544477
8612298
9380908
9513237
8594453
10923640
10857152
220065187
9215727
8422297
220070523
11057963
10581503
10200269
9698481
9898847
9622589
11664940
10376263
11538885
8682633
10151809
8836823
7713517
220070354
11343374
8316961
220056092
9027845
10791931
8422297
10816911
11271334
8805541
11429287
11325916
9653796
9657852
10991415
220069696
10073613
11359529
9646749
11741937
11733830
220045496
9163827
10173122
9159062
10420151
11084650
11106468
8543932
9215789
10372654
9223758
8803868
10512580
11638831
8809143
10372654
11745588
8150642
11761041
10300783
11303340
11273987
9717222
9264133
8803868
10996803
11144851
9182346
9355148
9739241
9174127
8659213
10799817
10043517
9392963
9356592
7813315
10722218
11144851
9867875
7776070
10956319
8345117
10956241
8345117
11734135
9544922
11760203
11729654
9002934
8576843
9380471
11498773
8120615
11729797
9660984
220070541
9105527
8422297
8951389
9908760
7867829
7691997
11271334
10114310
4918096
9513881
10991415
8102919
9495812
10980413
11638831
10515083
11498773
220060081
8034757
9567580
9381570
10760760
10660952
9908760
10676648
7681259
9537221
10593311
220070541
8964906
11561970
220021956
10839189
11745588
11733847
8470746
8120615
7734961
11729707
7705372
9257122
9287570
8795367
8809143
11457472
7868100
10497163
9602855
9257122
7705372
11707854
220069696
10854551
220052030
11744305
220052030
9457638
10303030
11729655
10043315
220065283
9907127
10626256
11097855
11097855
220050957
10854553
7912711
10117870
10381173
11638831
8803868
220064934
9462103
9886123
7941859
11761041
9591590
10343249
9186455
10742038
11386799
9470867
9486496
11088889
10658823
11591767
8356089
7859518
10492381
9215736
11056130
10492381
7723427
11498786
9670634
9109464
220068355
11729669
10577399
11012017
9077602
11336712
10345626
220070300
11196881
9585603
7864349
10828921
7939083
10470462
11216229
8695123
11733854
11733851
220069712
11495348
7761882
11200648
8433052
11518186
9952414
11729862
10741569
11315726
11012017
10737328
7864349
11733853
11761041
11733835
11218372
10857152
11299568
220070422
11733844
9238414
8874134
7731568
11733828
10741569
9238414
10581503
10237583
7910823
7785516
50209381
10839544
10068671
8708238
9238397
10874142
10925683
9456821
7774417
9509632
8924496
10349033
9964799
11176626
9513881
8634992
8769587
9775998
9257122
8409413
9303407
9313093
10581503
220050536
11403102
9170030
8946332
8782060
8920032
11200648
10854551
11729654
9095446
10372654
9562300
9980854
7869904
9656669
11268857
8946332
9647172
8758978
11729652
8179962
8612760
10539679
9230265
9610195
11568096
7785516
11268857
9765205
220066139
9628300
11697409
10619067
10751697
9628301
7893450
8758978
10124459
10599270
11586204
9387848
9613261
10475152
10470462
9062269
9984147
9984147
11061940
220058374
220043428
8628804
11533236
220058374
11208254
8816654
10717712
10747142
50209381
10336892
7863976
7842459
11763325
11763325
11763325
11763325
9117283
11017174
11106468
7791491
9625900
9446085
7851932
220069745
10666433
220019141
7857120
9131622
9207166
7940242
11009763
10780892
10698778
9984147
7845211
8766869
10645419
9509632
220069745
9626659
10780892
8893099
10786727
220053647
10535672
9525690
220058091
8706539
8706539
8706539
8706539
11383434
11383434
11383434
11383434
11747631
10877964
220053071
7813315
10658510
9381570
8751020
10431068
7943564
11194021
11194021
11194021
11194021
220051457
9211432
9211432
9211432
9211432
7830377
9264773
9984058
220055312
10816911
11724542
9216344
11393692
9216344
9057212
9504276
9504276
9504276
9504276
9504276
9504276
7943564
9504276
9504276
10207675
8848023
4831564
10913398
9446083
10499085
11743212
9956661
7943564
8387246
220068998
9170730
9964441
10239759
10638551
220043428
9057212
11279395
8896029
10345709
7850106
7911452
9859384
9984102
10830439
11457472
11370575
9513237
9129834
8611093
9504921
10384020
8816953
10341810
9612737
10299253
11470800
11570487
11755848
11393692
10459765
11682124
9088345
11403673
10691921
9885862
9655881
10758042
7768902
11334378
10384020
9405640
9405640
9405640
9405640
11762578
8037503
8037503
8037503
8037503
8037503
8037503
8037503
8037503
11762174
9488810
10313789
9443240
8060473
8888179
9334152
9202352
10207675
8498142
220048111
9959909
8820148
8935228
10359538
7864349
9346965
9542233
11421442
9974408
9886078
9313262
10170176
7855587
10359538
10904904
10299253
10148497
220032509
11489988
10476144
9945663
7855587
9890051
11452245
8858310
11658486
11452243
11309846
220040620
9456801
8603024
9975564
9665965
10703174
9798414
11000673
9148306
8213020
8227177
11429116
9423152
11314648
11608686
9110131
9918913
11279395
8274523
9583996
220068355
11703048
10249632
11489697
11624029
9333636
8741931
11466350
8244689
9665965
11703042
9333620
8594453
9592933
11364404
220052434
11194174
220040620
9637047
7910324
7786640
8704330
10172695
11682124
8742854
9625900
11687935
10913314
11682124
9233644
11324251
9596191
220067787
10511728
10884621
11120678
10511728
11106468
9033397
8101281
7938138
8917061
9088345
11682236
11645405
7864349
220053172
3401614
10549739
8748060
8998360
9506226
7864349
220053925
9683578
7742313
9088345
9562727
11037785
10972181
9922628
10619330
11037785
10181011
7760514
10515802
8201376
220066481
10356872
9462103
9617649
9786639
220005709
7683786
9908760
11227178
9753890
11290265
10464291
11032456
11290413
11329725
9578843
8703233
10599270
10068532
9318834
10782714
10606233
10606233
10606233
10606233
10606233
9656669
9160155
220053925
9776679
8710846
9366546
9677574
9882314
220070567
11275773
9500602
9163044
9592933
10214385
9682460
9376376
8710846
220061076
11407237
10057210
9346069
11290416
11004066
9948545
220067949
8386614
10205816
9264773
9571390
9233644
9546821
11129964
220061099
220061056
10550893
11164998
11764490
10138134
11764490
11764490
11764490
10564110
11660591
10303783
9006297
8395337
9945668
10923991
9754627
8806159
9946974
11722921
11314371
9427560
11549624
10306650
9956302
9102505
11549624
9076442
11458303
10000735
11037936
11037936
11037936
11037936
9036182
7989410
10000735
8257141
9897987
7808846
9036182
10713729
9908040
10855157
9370488
9704584
9740629
9950505
9286100
9950505
9286100
10141944
10499085
10938848
10848966
9233644
11661146
10321903
9739256
8491775
8596648
8917061
10713729
10968203
9509898
10765518
9525454
9387848
10170302
50046275
9372394
9906475
9899392
9898225
11445705
9213300
9427560
11062272
10952475
10049779
10782714
8607126
10837248
11445805
9286976
9797095
220031004
10850567
220068717
9076227
10870255
9906871
10555976
11062299
11201264
11238703
9609562
9911213
9885072
11466350
11518301
11518787
9892429
11125182
220060370
9951781
10634531
7842657
11518787
8557916
9951867
8385260
220063762
11559811
10880884
10011320
10790005
8698808
220060370
7864056
7864056
220068717
10711770
10720618
10603329
11210427
11239967
10711306
11449139
11585504
8260553
8396190
10459890
10288096
8239927
8093848
220069615
8480573
9129709
8698808
9135007
8778971
9651450
9130121
10252447
220070468
9539198
10895180
11152377
11205729
10342132
10288096
11647175
10413696
9916050
11427125
11603565
7752804
8637487
9500841
10766838
10363837
8710595
7943506
8717077
11228283
10607866
8718784
9063777
10607866
10755932
9504669
11706840
7752804
8984881
9754627
9629347
11262122
10459890
8278667
9358703
9358703
10994738
