9887685
8312958
10633721
8949206
11423848
9332169
10994472
7719197
10680028
11466350
10864521
7739630
8309307
8272928
10611167
10432447
8845215
10583392
8917807
9920333
10660184
11370778
7965958
220065582
11497885
10402782
220070119
10611167
11370778
8917807
11370778
10660184
8327592
220061910
9734298
220066282
8471514
220055397
220055379
8172971
8643261
9042886
9353224
50076139
11106159
10073333
10153071
8433807
11719066
11514295
10625372
8655761
10729911
11118451
10046094
11486122
9042886
11486122
11533689
10622759
9116347
8007647
7906954
84276
9720584
9535458
9313761
9513192
10551669
9513192
9032948
8681677
10969217
8201771
9627261
9538137
10652233
8646049
9116347
9980242
10940809
10181646
9700077
9797689
11221414
8464623
10164406
9368780
11385876
10181646
7745955
9362965
9934930
7841049
9156142
11210678
220056738
220069298
220068786
7870238
220071226
10717931
10181646
10621398
10896447
9313106
10136186
10112936
10993413
10895918
8836590
10406778
8711108
9136086
9854216
11178329
9786768
9082590
11201893
11119461
11212506
10249684
10737567
7898880
7898879
220000795
10177532
220046631
11072537
11138476
8386427
220066665
10170456
9854216
9690658
8710106
8205399
10412705
8372882
10228009
9310109
220072498
10794107
10975504
10318643
10211079
10645919
9323113
11056610
10067953
220000847
8370920
220001409
9954517
10155023
10895743
220071177
9536734
11723814
220071297
220059916
9310109
9399462
220071189
10633246
10052033
10545494
7904505
9053403
220053398
220069329
10633246
220071742
11589971
9536734
220052731
8914004
10534851
10412344
9617679
220072643
9422940
8810972
11567768
220072647
9704073
11514989
11530596
10987380
9279314
9313106
10107215
9227446
11643494
10903420
10779731
7782062
10141944
9917252
10175187
50189347
9743074
220064558
11192464
220064558
11332076
8792112
220072392
11548370
220072403
220054802
9812361
10697539
220013104
11646178
9111897
11168692
220070665
9296515
9331712
9103828
8370920
220071297
9177769
10611630
220071297
9275006
10312429
220072330
8890353
8254290
8467580
10052043
9623212
220039388
9540122
10584761
9540122
8205399
3401149
8028853
10633246
8467528
10253866
10994793
8425285
11329831
10633246
10522951
220023912
8372133
7901838
220042907
220067266
9040625
10969971
11365982
8086632
9812425
9344157
10141911
11129716
7932180
10896499
9368780
11182189
220046083
11445562
10857530
220046083
10141911
10141911
10222654
8069741
7932180
220071198
9943316
220069491
10063909
220072216
220053641
220069406
220069415
11677295
10970348
10121507
9850340
9941547
10458620
10052033
220058202
10158530
8381398
8121034
10121507
10135194
10926309
10523991
11677295
10629795
11374872
10629795
11461148
9135560
8385417
9541870
9376491
10690229
9313106
9541873
11507200
220072316
220064995
220062694
11375514
220053347
11299245
11645718
9911213
10458620
11449899
220072321
8392513
11645807
11645767
9864314
220072325
7899491
7899726
220072330
7905951
8974766
8431794
8434052
8974766
8434109
10384316
8482185
8597697
8738666
9307207
11100857
8991830
9036860
9202467
9202598
9690658
9223535
10170456
10170456
9234717
9315963
9320724
9320725
10290971
9342872
9365934
9449645
10486845
8376231
10237981
8377138
9371992
220071064
7902499
9157519
9371994
8769114
10384431
9448609
9550357
9556236
10420306
9849890
9583208
9743265
9743266
9760542
9796870
9884201
9877640
9895863
10241217
220059898
10702827
11123449
11320167
220071378
8205399
11329890
11120414
11354801
11299111
8384147
11338189
50191077
220064511
220015038
8384147
220015038
220039294
10361921
10781892
9464836
8423552
10507125
7979728
9194469
220039294
8485965
220000842
8246056
10639815
9276054
11033483
9103414
11513286
10691312
220069406
10952056
11612393
220069406
8884504
220029144
11033483
220062684
9164940
220029548
9704073
9704073
10699991
8302354
220067862
9697186
11032794
7973645
8590856
220072318
9540122
220060409
11645807
50117926
10056630
11334216
10803284
9541870
11334133
11448155
9874263
9078594
9452834
10047763
8181062
8198306
220017145
11448155
7920287
10047763
9459227
220014982
220006544
9526053
10640547
10576207
11225598
9411782
11032997
10303532
10720180
8588176
11513601
10084814
9414405
9665635
220071723
9103732
9874263
220061199
10687958
9732708
220072316
8675622
8873298
220066526
220072314
220072660
11430021
11178631
10228004
220060454
9332684
220072332
220072673
10830698
11178631
220072677
7952708
9882154
220072685
7851219
220072685
220023371
10709788
220040241
9132340
10178904
220056686
11138101
11461148
9272014
11374629
9603298
9325854
10883674
10737091
11137817
220019393
9618197
8587454
220071586
11080131
10306487
10270577
10816231
7979210
11524422
220066526
10481844
11569447
8819924
9156117
11646178
8227835
9027042
11103942
10955815
220013786
10691312
11448155
11290416
8376863
11354787
10733516
9628004
11237493
220066154
9628004
11237493
10510666
11468663
9652603
10691312
8376863
8121790
8227835
11103942
9743053
8691788
8482815
9743053
9880483
8135114
9743053
220065682
7901004
8270569
9981888
8721305
8984406
9016923
9605069
9476752
9635968
10649933
220067677
10533288
10926758
8537110
10661245
10610318
220062584
9733740
10570159
8300460
10368792
10346714
9164902
11021837
9105792
7926380
8300460
11696440
220070793
11413497
8763044
10396985
10883964
10397847
9536734
220070173
9459279
8592450
10688544
10688544
10135714
9757006
11587948
10705071
8415417
9275006
10527319
9191124
10527319
10113035
9132340
8973079
8905595
10036766
8663374
220046827
9164902
8294318
8072917
9090009
10995849
220069756
8442541
220062634
9996508
8363000
8062666
9699392
9507362
8048035
11438824
8608367
8859415
11534796
11178460
8143989
9079881
220060549
11182415
9540122
11666236
10513926
220053383
10755932
220065650
10378860
10806919
9332684
11417513
10748692
8062666
220027228
220014024
8822315
10793505
10286078
220063732
11503721
9336984
9958909
9878871
220055731
9652166
8012242
11017668
8730754
10409431
11524422
8595340
11508455
10481844
9848014
10145209
8693274
220053371
9393691
8790996
11379639
10425748
220053376
11281614
8496548
220053376
11421534
11584773
10296395
8154858
220038541
10816637
11391242
220032287
10233436
7978265
220032662
10233436
11018157
220069835
11018157
9307207
8467580
8092872
9363497
8850793
10403505
8693274
8982850
10883460
220072678
9264859
11407831
10353000
50109819
220065437
11657545
9782197
9277903
220053369
9697236
220067209
9139157
9139157
9476752
11584773
220053357
10233436
220039388
11113020
10816637
11131133
10328244
8730754
11571673
220071833
10286078
11632134
220029548
9157222
10233436
8176788
11571673
10403505
10674238
220052731
9782197
220072394
8332324
9721763
8818978
10818837
220072279
7733877
10927408
220072275
11456255
8852344
8323866
10527319
11171416
9108217
8124588
9339283
11456255
10652528
8294303
220072728
220072716
10472931
11456255
10994528
10363239
220070742
8210406
9117569
11683286
220021595
8730754
8163981
8694726
9853328
220061575
220061575
220061575
10363239
10994528
10568346
10176650
9681137
8120133
8618812
9079730
11573246
8822315
8844686
220026997
7920110
220057520
9726436
7920110
8254290
10353000
11319820
9619912
8582056
11592206
10675297
11288067
9274489
11026707
11021143
8534725
11634637
9940744
10896937
8029571
11710252
8568469
220018419
11207558
11599214
8163981
220063335
9175782
220061979
10781576
8919982
11363446
8534725
11167298
9516633
7952724
8345677
10266653
220054280
11228509
11254160
10431899
50127555
8919982
8065585
8835472
220046125
11552582
8534398
11552582
8534398
9474475
11250189
8246119
9141485
11158959
220069029
11334110
8069160
8906150
8931043
11246127
11374956
11618334
11228453
8249160
220029641
10770477
9177828
9537776
10640508
220028151
220032754
9735877
9492569
8071509
10675533
11195052
9336076
220064237
9674717
11576743
7913706
9537776
11576743
11122903
10006595
8915415
8302354
220038541
8412987
9240277
11746414
10779645
11749634
11576743
11717419
220061885
220071893
220064309
220071227
9324565
10036766
11122890
9093642
220063605
10640084
11194660
10205504
8944279
9166879
10388216
8069454
220067263
8976827
220063732
220071833
220072678
11513286
11447928
9547445
220071833
8975047
8343523
10879794
9246029
7978726
8302354
10836081
10343549
11445056
9149935
9672707
10259475
220070662
8096304
220044159
220025915
11607456
220072674
9161897
10346913
11401300
8071509
11751242
220048875
10696449
10346913
11000007
8944279
8071389
9163121
10048658
9903987
8567119
7930102
11017640
10207770
10921410
7932180
10527319
9466691
10508115
8944279
11488284
11123244
220029617
8285952
10696449
11174921
10809625
7781677
8185220
9171812
220061902
9534454
8070329
9246029
8790996
8096304
220066143
9404641
220048875
7781677
9745225
10434959
8332324
9721763
220034152
8852344
10677496
11021143
11351541
220070662
220070793
11520994
8568469
9306488
9214964
9972088
7952724
8914743
9537776
10712347
220069528
10045610
8938372
11434543
11749634
8720357
220053425
220064490
10205504
9591475
10842175
8439137
220072647
11717419
10571182
10756791
10701741
11276823
8072917
8214727
11503825
9617309
11401762
9699728
9375538
11728211
9590191
8249387
8542135
8210812
11077846
11494295
11728105
10718261
8229254
9829578
220042515
220071893
10071559
11434826
11728192
220053070
9606925
10614573
9737575
220056476
7749595
11304065
11634686
10070900
10195738
11149271
9236671
9369120
50214798
7990742
11500855
11456512
220069528
220060371
11169496
7952035
8577868
11312819
10046710
10046710
8214727
9795638
11276823
11700869
8609608
9152606
220072249
9095446
220068184
11728067
9322277
220034176
9932526
10764125
8610029
220072329
11169496
7952035
7920364
10306318
8074404
8691716
8270550
8661996
8735772
11305129
8238233
10883334
10938214
11136244
10693617
11456921
8091068
11127834
10803609
11267828
11543894
10736605
8105324
7893051
220054280
11225749
9734822
10555573
7845683
220054280
11236844
8198945
10652286
220042515
10813330
9108333
9725181
10189002
10571072
10555226
220070051
10127870
11719337
9665294
10980241
10848842
11566263
9262934
220031316
9829186
10801025
11524619
11058853
8009049
9369120
8300997
220043693
9115638
9932526
10419757
220031329
11106898
10414585
11480481
11434826
220064728
8728953
9158107
9596851
220067990
11651554
10215887
11171585
11584904
9633656
8331336
9633656
8258869
8937649
8679333
9395174
21584
10972827
8427366
9692172
9219666
9219666
7828481
10098943
220017744
8071000
8590319
8869980
8071000
11225749
10008362
8869980
10822174
8072089
8235998
8661954
7747103
11260729
10691312
8382455
220066562
220054778
220023388
8073798
10661890
8073798
9466104
220028609
8905394
220066546
220072375
8213552
220020196
10009035
8751805
8398432
8419640
8924425
8589032
7930310
9552415
8856656
8105324
220066528
11171585
8259776
10888523
8882159
11679000
9613647
9836318
8264334
9969769
8069479
8076095
10908817
10679458
8482977
9767983
10473151
8205409
9767983
10473416
10931107
8828690
9043959
8205409
10893926
8073883
8065491
8937767
9466104
8287991
10632978
8075149
10425844
8284411
11710942
11046698
9557821
220071227
8856656
8363045
9574294
11299423
10546037
10931107
8246638
8559143
9969769
8760538
220072253
9646547
10473151
9088950
8400607
8415417
9544215
8545534
220071389
8720468
9538029
10032783
9265213
220065712
9779467
8105324
220065669
8215146
10160177
8064519
7715973
9611825
220071893
9966110
8285460
8424201
9497919
11299227
9412090
11299227
11337871
8568388
8076472
220071893
7742103
9291038
8249387
11616905
9415907
10228578
220061503
220071223
10297202
220065242
8953901
10557990
220054979
220062799
11759437
9434631
8856656
10950286
8993887
10287517
11251259
9937922
11174671
11291450
11033801
10146059
11531769
8897143
11555863
11547455
11225154
10146059
11592753
9784554
8741480
10882239
8051996
220001147
8609652
8005604
11531769
9123138
9108153
8008025
220065667
8191688
9331712
50139461
7743406
9507228
8884335
9654814
10225847
9314430
11440883
11106921
10419757
11448637
9823376
10439346
220059490
220054280
10568545
8612891
220028609
9043959
9784387
9914167
9244074
10368003
10218186
10477566
10389314
10685748
11535157
8857066
9097609
10074045
8302354
10368003
220072788
10702140
11623111
11616459
8028556
220062588
10326640
11218120
10962372
9577548
10328289
8994602
8663374
220018427
7743336
10439346
9914167
220038489
7964568
11537191
10193045
9640992
9314430
11592412
9490506
11157739
8039973
10368003
8245013
9467422
8210581
9992455
9992455
8662717
8662715
9364520
9364520
8965897
9944868
9314962
9641879
8617123
10511883
7997634
220072788
11664844
8258413
10266653
8230679
10426253
10673728
9022178
11425342
8020685
9182111
9184982
10861843
9895039
9064873
8857066
11567513
10861843
9637496
9637721
10587503
10574280
10879054
10645273
8620328
11136711
8627785
8994602
8559102
11165331
10475034
10266653
220023814
8147012
8545087
220049280
220069415
8822315
220072425
220023814
220068144
11511545
11219136
220072431
220056665
10290570
10132665
220072279
8481766
220019393
10272868
220072216
11331619
11369094
11569044
220072204
11311115
8168601
220072203
11073326
11304045
11073101
9438247
10002505
220071981
220069415
220072362
220072362
8531531
11329890
11374891
8168601
11466745
8960608
8846278
11667593
9895039
10219076
11580885
8887153
8887153
8887153
10003227
10327602
10993677
10432430
11667119
10660956
220068734
9314926
10926758
220072199
10180286
10326632
11607123
10708473
11220074
8271217
220071222
9736245
9285110
11219136
9486601
9285110
8008025
220064135
8280978
10286459
9424626
8271217
9486601
11100722
8880673
8559102
11218120
9522402
7798099
220072658
11101010
220069528
8276619
11106921
11306968
9244074
11316260
8987126
9903987
8184878
10074045
10794002
9498327
9108333
7996204
10912786
10003227
7978726
8028556
9256294
220029840
220043693
10585192
220072728
8609145
7972760
8558307
8738096
9850275
8738096
220068747
220071856
220048018
10621829
10437466
9606925
220072701
7996204
220072197
50198676
220069528
11493356
8778051
220043548
10382867
10952056
220068897
9832506
9459227
10369575
8767852
220057600
9676063
11304246
10281823
11304246
11304246
11049545
11304377
11540421
9963472
10208144
8410177
9943316
10753967
7925224
11351731
10936153
10631282
10631282
10631282
8733354
8704449
8704449
10557672
7762591
10631282
10266653
8035833
10455977
11106710
10661861
8303298
8853638
11705370
8693274
8308611
11049227
8410177
8651193
8693274
220065469
9848377
8119281
8184018
9577548
10764419
10557672
7762591
11343012
9479834
7743336
11710942
220017619
10530279
7964568
8670001
10783941
11592412
8308611
9490506
8825221
9411711
8227861
8146380
11157739
8363000
8857590
11516726
220025334
220022333
8039973
8285952
9467422
9213012
9695729
8210581
11236844
10083671
8345757
8116683
9149271
9062611
11039381
9344182
10368799
9314962
10678022
9445080
7997634
10439346
11664844
11039381
9344182
8120108
8258413
9377720
11140422
9389319
8769483
10754184
10252817
8645702
8320413
9061718
10873948
10842320
9947740
8230679
8116076
8695123
10304380
10873948
8179067
11425342
8005707
8427522
8020685
8200330
50211146
10633067
9499697
9947740
10842320
8129041
8549773
10286453
8124141
11714298
7944224
11370904
7870296
9773232
7760524
10795728
220062365
8161591
10190614
50039852
220030571
8174060
220042986
9773232
9531054
8057901
11220074
9320057
11536293
11635458
7891119
10439346
10798153
7682190
11670025
7747103
9435986
11105140
11670025
8590319
10356872
8261430
9947130
9464300
8219565
8261430
9427711
11335220
11731831
11731831
11731831
11290266
11587907
9564135
8693274
10585571
10358499
220071929
10795931
8232778
220045520
10844354
10087844
10143246
9696804
8235135
10881174
10180647
11456921
8095910
9692172
220060462
11460729
8347987
9336713
10931107
9778932
11354165
8545534
8694726
9611825
10228578
8886282
11251259
8105324
11251259
11555863
9784554
8235135
7743406
8880673
10950286
9823376
8415174
8217869
8612891
9114384
11350590
11379123
8112379
10685748
10193045
11046546
11167298
9641879
11077846
10861843
10574280
11384132
11373502
10645273
8627785
10475034
220043693
10431899
11369094
11727852
9105487
11066032
8959429
8276619
220043789
11336409
11073101
9120128
8960608
10823588
10993677
9998135
220064309
220037776
11719341
220049280
9424626
8713900
11714852
7798099
220016867
8987126
220020131
10107571
220021072
8959429
8473282
8679086
11127866
220015719
220016864
11116097
9474475
220045520
50177499
8235135
220069406
8302354
220057520
10949536
11046357
220005111
9142315
11560688
220022322
9009408
220029641
8959429
8657652
8958112
11223115
8223693
11508455
10896723
11246127
10585571
11479461
9730844
10736301
8235135
50121012
11683231
10386777
10340911
9136196
220058218
9458552
9431408
8164727
11581035
8164727
220029617
8406768
11308520
9578863
11562533
8158125
10290570
11184020
8012942
11159142
11516746
10403381
10419637
220072204
11241909
11159142
11080762
8616718
11587851
10252753
11162592
11225738
11241909
10956319
8184336
11161262
220057606
10515691
8011124
11428057
11473227
9498327
11049545
11464254
9836563
10979954
10936153
9389319
220029516
220072709
11162592
10842320
8355620
10400000
50039852
10815418
8057901
7891119
10733530
8191356
7682190
11564043
220071929
11564043
8560354
10143246
10180647
9541362
10931152
220068775
9645815
11443817
8112717
11437819
220071195
11437819
7954627
11400065
7943013
8610873
9526406
10480210
11647175
220037694
9080212
8276619
8116502
10406766
11443817
220065933
10615424
11072250
8359916
10757777
10347660
220064565
8638905
9832161
10046223
10326022
10970348
10152652
7919671
8895164
10921152
9747312
10261785
11108756
8939139
11219883
11137374
9018201
9927767
11458533
10649803
10970348
220067477
9680449
9790896
8636019
50158910
8636022
9990554
10621189
9932396
9932396
8120556
9932396
10164549
7840912
220066556
8693274
11236844
10767912
8812061
220071893
8897082
10875938
10976041
8816576
8230780
11461146
11548598
10733387
220026040
10597675
11742552
11041643
9929706
10803236
10362436
10886023
10969307
9836777
220072882
8357123
11119000
9602556
9876786
10955619
220072216
9714709
11398369
8886562
10597675
220032754
10409115
11499491
10655647
10101524
220071893
10409115
11438824
8697715
220072683
10842132
10952056
220072716
11354902
220071929
220020497
220069491
220072813
9393905
220006000
8174840
10620624
10094635
8177396
8153346
8122603
11094529
220065933
9998727
10617601
11374197
11477217
7742556
10757777
11083336
8366525
8029571
220071929
11301820
10870719
10258536
11580495
9841631
220033561
11524619
50198350
220038820
11301820
50158910
220037533
10679096
10580950
8110567
9798744
220072882
8929834
9397876
220061880
220032337
8912359
11035506
220071343
8428501
11757286
8968761
9373271
11462057
11237741
8205846
8000012
8003175
11155552
7930654
220038832
11277317
11662166
7942529
11621399
11696346
11209537
10704631
10755932
8405429
9703554
7852286
8948062
9223226
9123414
8335016
220070666
10102709
8217893
8604941
220046427
11427626
220038394
10050745
220067527
220040512
9913313
10091516
11724264
220067527
9632615
11017871
220063076
220034057
8221512
7846513
8399301
11277317
10208307
9972088
8297572
220070044
8346712
10561000
8219565
8640079
8346712
11362176
9071963
10199666
220061870
220063136
9303291
9811459
9976964
8345117
8345117
8332014
11090268
7991215
11581035
11377411
220030571
10415183
220028609
8486583
8005322
10061356
9123138
11560908
8486195
9947130
9427711
11375998
8005322
9947130
11106071
10199666
10588348
11635660
8640079
10199666
10912074
11375998
8640079
11493356
11404124
9332078
11362176
11375998
8918983
9839623
220046190
7861934
9672372
10558406
220054895
11121660
8838182
9949777
11524422
220044907
9829379
220044907
10722474
10722474
10722474
9275982
220037694
11508420
10199666
11362158
220063423
10722474
9318826
220035551
7861934
220042322
10976215
11560908
10485453
10205894
11041812
11392115
8100164
11236844
11327286
9306227
11669833
10432208
10137216
220070303
11148281
11758368
11342588
9775380
10043855
10243713
10703555
10242783
11155552
220043730
8197372
8974206
8662716
8281346
10703555
220044348
220041152
220064309
220041152
220038541
11208227
9571496
11012107
220034050
10538451
9937778
10626651
10973019
220046427
11715818
9477329
220043744
9932489
220036711
11301713
9483118
9157926
220067527
10389991
9483067
8821356
220028420
9332078
10753437
9310814
8685998
11517247
10188798
220067527
9157926
11308520
10928103
220028420
220029617
11458987
10449958
220037605
8927661
9507228
11132297
10302495
9745225
220041539
9836582
8821356
220043693
9181888
10223406
10395131
9543309
10969322
8701222
10653708
8659900
8302354
8220086
220072358
9932489
11621402
220064256
11301713
220046656
11035431
9848377
8078218
10372532
220068351
220071981
10208111
9014974
220068351
220042414
220072351
9769800
220034196
9293815
9006455
10546341
8869704
220069083
11005884
11241280
8395902
11064119
11439974
8400247
8400247
8400247
9689362
10762651
8316986
9564135
11046546
9486228
9809071
220061876
9456821
9456821
11588056
220058229
8499236
220057236
9914167
10406967
10102709
10638919
9431821
10653708
7998805
10106831
10106831
10468461
10106831
9699791
11064119
220071435
10546341
7841276
220022033
11237343
9543559
11528259
8560502
50104835
10638919
9809857
11362176
10700438
11033922
9154691
9848377
9154691
9477329
220067446
9474566
8264572
11620001
10703927
9479157
8100164
9408225
10702471
9773086
220067446
9994452
11271916
220041384
11545543
8507889
8221512
8564768
10996860
220068236
10291230
220072046
220045520
10219653
9828438
8406197
9349994
9368286
220053425
9524866
10656056
9147592
9597292
10712347
9553563
11762023
7907955
9367688
11144173
11649897
9333422
8319280
8277342
9709069
9709069
9283649
11503825
8852887
8740556
8628905
9760918
7821209
11342588
11342588
11342588
11342588
11342588
9089569
11184544
9651207
10481844
11545543
7821209
220067446
10626651
220065359
11542911
9835691
8691161
10722729
9914167
220046827
11053293
9415974
9848377
220021085
220061776
9341821
10572588
8227187
9401529
8927661
8302354
9717155
9589050
11670314
11670314
9491268
11670314
9681753
8191938
9539042
11516825
9219899
8964157
10582789
220021085
8175468
11616905
9218926
9539042
9099397
11531769
9809857
11189369
8608824
8715562
220043740
10603533
8549502
9093929
9313761
8030893
7894757
11176736
8590957
9133761
10407387
50154946
9367299
9414990
10603533
8666886
10456390
220059490
11072103
8558466
9582733
10680023
8249380
8282343
11543894
10389758
8187527
11126145
7866055
10507566
11606743
11439974
10070830
11010641
220033432
220033432
10072905
220033432
8134603
8273964
220041161
10700374
8766482
9681212
9900534
9965777
9965777
9965777
220042569
10113533
7817390
220070055
10283127
8399301
10521437
8209997
8087379
8579736
220040277
8187784
11045441
11314941
9205407
9596808
7930571
9932419
10058240
10058240
10058240
8184285
10090459
9538708
220039452
10664361
10708706
10612838
11195037
10983928
11197273
11308088
10079904
9482682
10757039
8646049
220044115
10793083
8071760
9483193
220006089
220032306
10695951
10767912
9149630
11263675
8614352
10695951
11534536
220065359
11761928
10520294
10786204
11433752
8579736
220044075
10428684
11410204
8405429
9240073
9240073
9240073
9876786
9744760
9549835
8709070
10994662
9923376
10072905
8100562
7755276
10695951
9252822
9252822
11046546
9252822
8043060
220048178
11688540
11379123
11069702
8917353
8107407
10379228
11108416
11761932
10520367
4832327
8579736
11410204
220046606
10520367
11410204
8566992
10520367
9430707
9430707
9244025
9430707
220034577
8706528
9876786
10520367
10520367
9175824
220044763
8490564
220029691
220029691
220029691
9658172
9870300
7990854
220038217
11003208
9538708
8657996
9067757
10656056
9067757
9067757
10720472
9427355
220007675
9812361
220040664
11757085
10150813
10259311
8139497
9689729
9028968
10373877
10720472
8790996
9888209
9028968
10817845
8613603
10150813
9646622
9646622
9646622
8579736
11446428
11027441
7838496
11555863
220026911
10089525
220062871
10005232
11761937
220036362
10219104
10219104
10219104
11551800
8842371
10331753
11155678
220042918
10893926
7928451
9007461
9505413
11738760
10835822
7993711
11025356
10889555
7906924
10889555
10889555
9582135
9274452
9294945
11545638
8958975
9122360
8987821
11545638
7887842
8003756
220044171
11620371
11620371
11620371
8179056
220061979
10483622
9198905
10397620
220057764
10525515
220044089
9760269
7894616
11662218
9324127
8894978
11662218
10453461
10453461
10453461
10333631
8917353
220034051
11192894
10180922
10820113
11748917
10488572
220012690
220012690
220012690
10642996
11569044
9303747
9659020
11055693
10801456
10524951
10524951
10524951
9732240
10867456
9998727
10762900
11133447
10721176
9926539
220052092
8341068
8180041
11215724
9582135
11711243
220043782
8004873
8969040
220071777
8969040
8969040
8925950
10099821
9505413
8657552
220046323
10867456
220012107
220038225
8703192
10397620
220039496
11010945
11503360
9244151
9122360
9341821
10345406
9649468
10619052
220072407
8234786
220060683
9354655
9354655
9354655
8842371
220072407
8081998
11651954
8640244
8481328
9535458
8987304
8488254
8428856
220039551
10089483
9335200
9772597
220034093
11701574
10863699
9355841
9908701
10068532
8354499
7856750
9218861
11020207
9583289
7978779
11282828
220035675
220058217
10546341
11665602
11346153
10864897
9817305
11628474
8509375
11688850
10160024
220062365
11475430
10090459
11078947
220072397
220033413
9043728
10546417
10243964
11220612
10992537
220035585
10894081
9926713
11619519
11561163
220072949
7892917
11162127
220044072
9423119
220032061
7745888
11209332
8414198
9844381
10992537
9976966
220044759
10548995
11554143
10321430
9853999
8178117
11436440
9976966
9351091
50090456
9034950
10840548
9647952
8274540
11106544
10064331
11489708
8842371
220060751
10488572
9495362
8221029
7870160
10663821
9438075
9364559
11118907
11541060
9685787
9775686
10565732
10636285
11572605
8299696
7988475
11199967
8031030
11267505
8031030
8031030
10858854
11395482
10968156
9687967
50019051
9048990
10959275
10176206
11011291
7745934
220072407
220042279
4830862
220012417
220012417
220012417
7915438
8781951
9555466
9135921
10145661
11543918
11520564
220044066
7840392
10966235
10153763
50055191
8355517
8269214
8364058
220040509
11487292
9655205
8974206
10695105
11220612
10592738
10719587
220038809
220034347
8211402
8466198
10579607
9648450
10012132
8819259
220042313
9631309
9074044
8466198
11293217
9876771
10058064
9048051
9526419
9284631
8955910
9048051
11293217
220034818
11515109
9525837
9980242
10074590
9086797
9048051
11335220
10595498
10923851
220061261
9526419
11126145
10358993
9624693
8935136
10794904
8959429
9184905
10425504
220071435
10870399
8175081
220059065
10695193
10800732
10576710
8399581
9400776
11318760
8364034
11658985
10963172
220037627
8395157
9631309
220054518
220070221
9391907
10992537
10123142
11557719
11158647
9297573
8781951
10257208
50006854
9955334
10397478
10306239
10965343
11670045
9417873
11394584
220070591
8212484
10525515
9760269
10355095
10534276
8546933
10348112
10992537
9961282
220037140
10758232
50055191
220041089
11696945
9653517
11432139
11407150
11304520
220071580
11436440
8634049
220071580
220041002
11440284
9725220
11322513
9526419
220070221
10123142
10872141
9293815
9205729
220065301
9582135
11215303
11017565
10716924
11541060
8425418
10877590
8909791
10650865
9236131
10504552
220070591
8704192
7923088
9100379
11178460
50189935
9518044
9796695
8197340
9567573
9632891
10292978
220072894
10584934
220072894
8194686
10897694
8537683
8620489
8549502
9331687
8700537
10719374
9362500
10307299
11146681
8628542
10058240
10058240
10058240
10058240
11099942
10323169
10301602
10668914
10176107
10512993
9118912
220071663
8312609
8971605
10921673
8632208
9519938
10223443
10301602
220070614
10764125
9815612
220042583
8549502
11440284
11254160
10597490
10597490
11489118
11227591
11487292
11487292
10076017
220061866
9355841
11314941
9181888
9800561
10088576
11452198
10679437
10764125
8286244
10637275
7969721
9163328
10196487
11634637
220065448
11107371
9269857
220056615
10239402
10418459
11637654
9785444
7789530
7969721
11117304
9175276
10161957
8836831
10559644
10747142
11277317
8886562
220060525
9563868
9010037
9918913
10411209
8695762
11439974
8034967
9313292
10161957
8283016
11395482
11335699
10851908
10180922
10193491
11265587
10887033
10634263
11078275
8383310
10089483
11562533
8352304
11628667
220042583
220059065
8286244
11053293
9785444
7720860
220071445
8399581
8508042
7870160
10150497
9464430
10276754
9878774
9375621
9953716
10695193
8561973
9744240
50006854
10886567
8610938
9006254
8553492
11068590
10809675
9975935
11481288
7988475
11543918
11452247
8800692
220070221
9130441
10825239
8803464
10639274
8789897
8470433
11257289
8266800
10325244
10806801
8633176
7971386
220066556
9464430
10276754
9375621
10889275
220071772
11178460
8352304
9690586
8768565
8442746
9878774
220047518
10988314
7822855
9510059
7822855
7822855
10887716
8784753
11639414
7711071
11525578
11190224
9933454
220069798
9387583
7942358
220071447
11604182
10480685
11637225
11539378
7974715
220058731
10378860
10581614
7828386
8352304
9883092
11525577
8626576
9065189
7688407
8212339
220071648
7931409
8491662
50206998
11628667
220066273
10027563
8352354
220071527
8352304
10481844
50034420
8299544
8307698
10178432
11410518
8983506
10238104
10972676
9761018
11072493
9239812
8094617
8830382
10019877
9321953
8981561
220070839
8537315
11665654
8173349
9216866
8406300
10849132
8277983
10840548
11642314
11739635
10736083
220071648
10238104
9820718
8858835
7690544
11053293
11026060
8679478
11642314
10276522
8193470
9071936
8422185
8134603
9967013
220071656
8545926
10790720
9690586
9850037
10665415
8620328
9643958
8505252
7685532
8379062
220044885
10994394
8614479
10614869
9740557
9835691
9800561
9713873
8804368
8499700
9362112
8380255
8485972
9277903
8702911
7833852
9528517
8134603
9919940
9414990
7856750
8124755
9041025
7856750
8120667
9019233
220067474
9382690
7710074
11687955
220039190
8883251
9606925
9019233
9686106
11115151
10854475
10958360
10295142
9103138
220067486
8930096
11115151
8170122
10263799
9741023
8464348
220063153
8791974
8783334
11080762
10411197
10141317
10138430
7780103
8650221
9453464
220049686
8965032
10538200
8163792
11164766
7882983
8565733
11468432
8622484
10470462
8386049
8452331
7834256
11452656
220064628
10702976
9606925
10904163
10652286
7907285
11656932
7817096
11470867
10838061
11523084
9262414
8120158
10576372
220031044
9006254
9928075
8362137
11566367
9756111
7702885
11615984
9039332
7887428
11136619
10534667
11647082
11628152
11116700
10920801
9850037
9604652
11437534
9850037
11452407
9408130
7797203
8782564
9087793
8312040
10435155
9135921
9453464
10811222
8392558
220066580
7833852
11451962
9600583
10538200
220030878
8706763
9740627
7920388
11028484
220070121
8403486
7917566
220035145
220064924
11006237
220071204
8826665
11746978
11206889
8003172
10911493
8471514
220062365
8406768
7678945
11359202
9879738
8423160
9740600
8641362
8187784
10333131
8870421
8650598
10917601
9080936
9817388
8931965
10717464
11622164
220063878
10858549
11185201
10561000
8134969
9740803
220062917
11136619
7807179
7896130
8700537
7985528
8657838
10603533
10426244
220016010
10576056
8200190
220017105
8602670
10515289
10981703
9966013
11003812
8102168
8668570
9929706
11451972
8365313
220059065
8050686
8917612
7834625
220061864
8550266
10733224
11376815
9074528
7903445
10599270
220061867
11215626
220062852
10278998
220052976
9724845
220072889
10729882
9163155
10861420
9223900
7804077
7869301
9332078
10271128
8127157
10673413
8098994
220062881
8920060
10960236
11143897
220038720
8917608
9392587
7883382
220057406
7945928
11034948
50205516
7945928
11040958
11049261
10419793
11137231
10762955
220053088
7996620
7984703
10306874
8901981
7845359
220072865
50129050
10467788
8532886
50084210
8872278
9708616
9025513
220059678
8301271
11069951
9957013
9299750
9025513
9169776
8299265
9169776
220017105
11647246
220016713
50195981
220058836
10642079
8280075
8827020
9535947
8760294
8412987
8532886
10991157
9680637
10780276
10550681
8691161
10259942
220058731
220002844
10714286
9803152
8938072
7851193
11608139
11337659
10599270
11178460
11298765
8888685
9324590
9464430
11223345
10276754
9375621
9632615
7931409
9761018
9239812
9321953
11665654
11303447
11374549
10207686
8567422
10638259
8643843
8730279
11454509
220069700
4700429
220063006
9007172
220006089
8294654
220006089
10067477
3400231
9246475
8428214
220067481
7984174
220051701
10958386
11367631
11741977
11421672
8104064
7735840
11115716
7977520
9291899
9396874
11069951
220045285
10854130
220000533
220061990
11068590
11431078
7977173
8804540
10266577
7755800
11464906
9852525
8501460
10708214
7796713
9736522
8465522
11432333
8408574
8388870
9510059
11326163
10892236
89713
11372222
10228075
8989633
220070173
8317426
220068075
11200403
8563773
8959429
8953279
11413344
10808348
10842676
8758854
11266439
9511663
11188547
9175824
8542496
8923972
9978054
9911876
220060132
220059516
10421589
8945690
10634593
7958499
9802400
10958386
8697209
11432139
8975350
9677177
220071981
8794129
10400153
8891007
8364440
8743214
11368403
7986734
9675516
8164241
11745310
10307851
10319420
7991513
7838741
9389390
10024336
9620160
9542333
7969721
10232703
11415335
9629641
10016174
10814841
220043789
7891073
7876514
10699634
10624775
8128146
8130325
9673104
9889765
9496686
8265100
11135675
8194020
10278224
8694352
10558669
8063966
220069140
8195479
8570974
8678641
9862418
8193197
11758596
11000148
70690
8532168
8924905
9313292
8264403
8111669
10584761
9236131
8012242
9477427
8681524
8127153
9980529
7812137
9108217
8934142
9123915
8111935
220069083
9374111
8697662
220047380
11762513
8201414
220045497
8611256
8227640
11167298
50043136
11610096
11722921
11264172
9428114
11675199
8893878
10050807
11762505
9724845
11722921
220073033
7943028
9967013
7830969
9229756
220069380
220059065
11615984
11175580
220045497
11365253
9616747
220069687
8237847
11440284
11137374
8810329
9229756
220070168
8764909
10948106
9945340
9945340
9479415
11679002
11723218
10918290
11731778
7836233
9939906
220066436
11292302
10207019
9161118
8967469
10017254
9165257
9759398
10511308
9489555
10208715
8184878
9852709
10794486
220007769
10677456
10017254
7908250
9084110
9279345
9496119
9892573
11594694
11229933
8094150
10741686
9980529
7929399
10582901
11084449
10907812
7904939
11183760
10588936
11084449
9853185
8225457
8211402
10983929
8220339
10566096
11297499
8532150
10524539
220045285
9287975
9914167
220059065
8588145
10435155
8895234
9336954
10033654
9117569
11499898
11373486
8026539
10984009
10626651
9327033
9331534
7738447
8750092
10119296
9245508
11174427
10994478
11410771
50137924
9628300
9875378
9146379
11262936
8560328
9633403
9502756
9491264
9459461
9848456
11620001
220061328
8495749
11436875
8851203
8888470
9663319
7895814
220066423
7865942
9479157
220070180
8197372
220070510
8211402
11187879
11195273
11707849
50187831
8750092
11486471
8745149
9071349
10290873
9535626
220071996
8858835
8211759
220031219
9907779
8058689
8108745
8035166
7895132
10831710
10248626
9893790
9624693
10248626
9624693
11428150
10068622
8314294
10660818
10237317
10842308
8243550
10705576
11023261
220059317
10536945
10856836
10968407
9555992
8000123
9299674
10486073
23485
50083414
8857339
8675945
8162139
8548596
11703604
8548695
10505846
9299674
8258851
10884211
8365348
8647672
10980959
10655898
8586038
8266653
9708176
11263697
220069083
8259308
10479524
8850149
10921237
7911021
11215506
9872060
8834881
8666216
8722070
10101835
8089847
9389601
11562533
11056939
220070305
11339886
10536945
9230500
7783356
9845120
9020331
8723805
8066555
10708214
8929359
220069624
10486073
8723805
8069793
8724783
8882280
10908737
8261202
8696694
10387698
9332162
7684712
220066519
7723507
10051140
8534831
220073063
11460691
220069600
8468023
10683925
9938772
220067476
7896130
7851932
9274368
8548695
10257673
11756416
9129307
220069608
9274368
220073056
10707717
9245508
11756416
8121595
9473944
11586105
220070184
8005759
9571406
8180247
11372222
220047105
10210284
10239944
8713066
8942671
10667953
11096796
11063057
9046458
220068444
220069887
11063057
220064538
8570523
9163155
8595940
10566957
10239944
220066334
8324084
11047788
11138515
220001847
7807724
11123461
220070174
10647211
8381854
10099821
9508588
10897694
9479415
10532024
7827003
10486073
10703927
8857066
10688544
9757006
76003
11052430
11061417
11575140
220072941
10670798
8704051
11098787
7905474
9967013
10942934
11659410
11138138
220024690
10172162
11763736
11182865
9654257
8869214
11637225
9599257
9508588
7983503
7929399
10695345
11763744
8947401
11111256
9163155
11553158
125454
11030214
8219761
11763734
11042424
11583924
220073011
11490767
220067921
9385335
8592802
8191854
8112376
8850441
11763738
3400767
9161859
50052779
11532278
9174606
9715195
220045497
10581614
220071966
8117252
9958880
220045482
220060078
11635411
10632343
8850441
10973748
220061959
8225122
220061959
50176618
11337983
7931639
8247949
10796798
11136619
11015144
11105545
9221273
10364744
8094431
11284775
11707760
7827751
7804547
10313789
11707674
8430703
8274431
10359174
8582363
11319211
10637275
8558307
8822233
8586038
7837654
9414815
10559946
9833645
7911883
11618022
8114907
8586038
10177332
7931470
75624
220072803
8147813
11111362
11190802
7744012
8182313
10590213
10307891
7741827
10211673
10307891
8928195
11201303
9175824
9116054
10177332
8585041
10422550
9937448
7803444
9119276
8467827
10145647
8680280
11023111
8588903
11379639
10584761
9508588
8007574
8476134
8688702
10422550
10994478
8065495
8787950
9427355
10864660
11710719
9251850
9641632
10333867
10294480
8126469
11746978
11081495
8317258
8713926
9446083
11667565
8934815
9236131
8089386
8113827
9124262
8653701
220070480
8133875
220024439
220064416
10775265
9877575
8115313
10409700
220024382
9225778
9024967
9565599
10091672
10890342
11533202
7762494
220071966
28755
7717424
9175824
11408741
220069659
220014420
8554640
10922414
8586038
11519224
220014419
7838496
8380504
9964283
11056318
10837845
73202
11761041
8719987
11033983
8667591
8586038
220055462
8719987
8397881
11744391
8871327
220069887
8672254
11533459
9696230
8723549
8559382
7982844
8120760
11200899
9723400
8711807
53793
10915765
9830693
8497246
8651144
9693049
8887306
11501512
10511308
9783690
10973170
8932375
10762900
10803966
9899538
10183487
9892365
10212112
10937124
9761978
7963837
7970386
10747229
9261806
9170331
9777712
10952754
10354079
8839131
10628269
8493295
8995637
8493295
11588056
11630824
11195173
11057054
10374970
11478011
10727002
8254285
10328724
8066656
9659976
11042273
11659410
11056722
8066516
8103611
11222878
9759461
8508283
8953235
9417077
8998380
9659976
10436977
8270008
8854242
7713081
8467338
220066139
10702332
8481523
8664127
8308016
9392810
8065405
11727195
10330847
11663306
9824856
11640355
11056461
8857209
8429723
220071966
9174909
7713081
10093333
9942014
11110755
7766767
10084324
10792998
9089108
11209332
10695345
11302876
9006254
9347010
9723400
11054095
8258281
10294480
11194890
10305853
220068998
9333925
11518186
9770459
9640580
11034555
10332757
10792998
8788105
11111362
10591216
11648554
11693051
10431146
10632608
10305853
9057822
9279932
11055693
11480362
9158353
10801456
9433555
11699731
8476736
11133447
10721176
10796798
8364034
11414923
10963172
11386114
8103037
8302354
10581614
11662218
9633025
11625000
9032008
11514919
10485802
9909558
7976730
8909268
10156587
9867856
9223900
10968156
9687967
9313292
10845482
9923094
10867665
8123465
10806801
8783935
10223443
7879625
9687967
7807858
10801456
9354310
8103037
220064345
9032008
8091777
220041050
9950794
7768902
7814616
8894978
220048498
10988314
9862670
8226874
9113357
10981743
11133447
10721176
11081495
11601144
8095350
10548463
9443240
10313654
220070105
9231593
8428731
8979879
11721058
10638369
8856602
9175824
9872060
10013400
8615158
9157222
8615158
11321544
220053641
11601144
10548463
8115948
10965343
7780403
10632608
9354310
8851203
220066139
11557498
8096309
8653701
7780403
8979879
7685679
9656825
10561726
10091672
8712801
9416556
8364034
10963172
10464291
8094431
9096300
11640355
10581614
8561377
7836233
11570458
10694756
10801668
11480362
11479334
10801668
10464593
8646589
11640358
8909268
8853208
11640360
9867856
10801668
7812548
7883576
8094431
7911592
7876842
8166272
10659826
8715603
8111649
8669126
8596469
9289658
220029617
8133868
11039544
10388585
8534058
8655809
11293679
8392110
73544
11264753
9231593
11587907
220072062
8111787
7932295
10017829
10040594
10292978
10998383
10723800
9355278
10682870
8131981
9605738
8477145
8962544
10937112
7738170
9776679
8052625
8688066
8403206
11662592
8355967
9546413
8184754
7943170
10810088
7706571
10969425
7853580
7782110
10050141
8962465
8171013
10094199
8288688
11640361
10298744
10767146
9999551
7865942
7783572
11355025
7759199
11640364
11543885
8964362
10719512
10397478
8820118
7811761
11521946
94065
8918989
9569256
50052779
8887956
8460173
10622524
11349528
8312609
8184998
9588240
9763365
8112522
9573433
8382455
8209577
7857120
10596967
7713873
9775567
7992748
11297424
11115716
8715357
8715357
8702914
10881272
10858012
10897694
11297424
11751066
10053043
9778589
8286284
9236131
7824023
9826663
8658662
7708946
9313292
7809826
8481893
8643186
9006254
10742279
8861193
8570341
9852525
11102189
11302876
10699534
9805195
9852525
8738362
10997085
9938439
8962938
10130895
7835438
8173363
9366546
10817625
8331282
8570151
8390754
8867791
11132863
8181964
50052128
7963659
220064952
10881272
9811102
8817983
8649671
9038363
10576105
8545224
8545224
8616224
9857556
9597626
8133817
8598165
10861735
11233026
10861735
8738700
9223318
10130895
10595363
8075707
10223443
9859189
10767146
11051812
8191332
9403567
8122564
10638369
11692362
8846903
11692362
7884861
8122564
8234850
9076308
11432343
7702240
9254341
10714409
10997251
9258918
7897981
7897981
9282173
8962938
10858549
10958246
220072111
8257338
7756277
8611613
9176335
9559672
10812221
8164372
8190994
11519740
11490767
50027497
8464260
11743317
11127250
11490767
9453464
8719718
8871327
8251787
220071601
8172302
9378643
10616855
11461957
8324906
9340431
11222212
11279395
11640367
7773506
8078242
220040457
11716426
50005934
9332162
9286463
8563545
220047527
8190710
220067805
10890342
8645246
8568335
220062557
9593195
9328587
8297120
10659826
10679150
7760760
9096300
10890342
9096300
220062365
4918112
8715603
9174606
8715603
9360704
11367687
11489118
24533
10234261
10404607
10234261
10948106
7939937
8152515
11013289
8226498
11640370
7841454
9269857
8736937
8810497
8979215
7936806
9762183
11594817
10104732
8988907
10814841
10573788
9779460
7862602
9569256
8464883
8647672
9146482
9146482
7809826
8287963
9677574
8056026
11068590
9082332
8385260
9540376
8953207
9682474
10573788
8120776
10876824
9852842
9540376
10888184
7777348
8251900
7857671
8974872
10990851
9972108
11411387
220013928
8136340
10573788
8961255
11710056
8703574
10573788
11710056
10404058
9734174
8890782
9008595
11403469
10585861
7951407
10653708
11037231
8445330
8804540
9997530
7912447
8617113
8804540
8112822
11660615
11056181
10716163
9592933
10521065
8462802
9340431
10480532
8650598
8128081
8494321
11346584
8191226
9513237
8325574
220062213
220008307
8871327
11318983
8121375
8462720
8462720
8725838
9807842
9326914
9674382
11667565
7907955
8475328
11221438
7748431
10567746
10992943
9513237
11009784
11073159
10691477
8068670
11722024
8186414
9616747
9592933
8776438
9592933
9703121
8392473
9500602
8645240
8185608
9794807
220058516
8552947
11308918
8033290
9176335
10881042
11346584
9518583
10265987
10420468
9838411
8128089
7857071
8391309
9504523
220049634
9720456
10657510
8058689
10881250
10785008
8367493
10461772
11538386
220053785
220015495
11367861
10954790
9313292
8929359
9065616
220070542
9383415
8922218
10311974
220070542
9458341
11054092
9154700
8197885
7825870
8929359
10196936
8728228
9151636
9865777
50203205
8080647
9448492
9065616
10924067
8879155
9523862
8471341
11118439
8816861
8128064
7809826
10578299
11118395
9659815
7879157
8404760
10737470
8874416
10214385
8374602
10721496
9769535
8417460
10981307
9759113
10798164
9565599
8963601
10252543
7811271
9607583
8198945
11419970
10238389
10523387
9926057
11514479
8920941
11514479
11609111
8663290
8114423
7769189
11405188
8040465
7846466
7740989
9682460
8920941
7938460
220068454
8663290
8094431
10057210
10270362
9378948
8680652
11139405
11405188
7864349
11367861
220015495
8680652
11722024
11419970
8033290
8033290
11153145
11660615
11056181
10499043
11331543
11222212
8465369
9565599
11057351
10615941
7767538
9673345
10850924
9378948
11628766
11187724
7732431
11602762
8251787
9464074
10627795
7819569
9289658
11319033
9472287
8532259
8532259
9392298
10974186
11321386
8532259
9623120
10934540
9769427
9499850
8231458
7809299
9034950
9445361
11533202
9734174
8646864
8076350
220051727
11410931
11555360
8753064
10610329
10669832
8030764
7807367
8147996
11291692
11499841
9132436
220070648
10200902
8667376
11754433
9618109
50052128
10292978
11407150
8098358
10064952
11026708
11101621
10782668
11182865
8177579
8732548
10756887
50074736
220056215
11545891
7879370
10292978
8142905
10312513
11469598
9845181
8198553
8331170
10828525
9570669
11443625
8916748
11405188
11379791
8584642
8401331
4832202
129561
10939437
11116203
8119380
10418459
9125275
11477426
8240596
11545893
9726991
8118497
220073066
9805669
11443625
8552947
9834204
8109583
8184763
10570123
10372049
10756887
10507890
8601929
8212441
8800910
11057351
8414325
9765498
11537349
220057260
8583299
11410937
10006052
8429682
10688767
9618109
9171187
9570815
8309904
10903886
7790828
8214642
10920354
9685787
8226694
8228504
11051093
9997079
11070177
220060799
220067482
8858855
220073066
10560736
9458341
11325916
8552947
7986700
10314651
8260869
50001528
11508225
10584070
10017254
11749340
11508490
220063012
7857994
8213230
8408115
7772449
11530403
9769535
9628338
8000705
11495363
8461989
8167339
8887968
10863299
9685787
8112039
8105931
10661562
10867144
8128055
9991404
9767831
11173134
8614567
4831310
4831310
8203103
3334163
10006052
10732668
11490874
10934540
8203103
9314273
10388585
8893140
8133782
11423855
8801898
8255254
8111616
8170260
10520447
10159617
8480247
7746907
8740226
7710807
8834647
8910462
9551114
11485446
11334863
10085739
220069813
8899353
7693424
11382456
8038239
8113825
10622872
8478657
8400062
10826490
9357380
220072571
9440566
220060271
50142922
10638919
7871561
8312415
7939324
10594440
7846071
9293088
8314100
10627795
10619667
9921973
11453973
8094598
8612888
8901087
8109914
11683050
7873078
10154157
11751003
9279592
7900728
9279592
10905300
8112452
11481773
10307842
11759525
10103186
9334830
8121089
9967933
8326968
10666422
10462973
8206505
11315286
10666541
8966827
7871990
9596851
11387820
10772014
11500526
11653099
11653113
10205577
10841762
11187346
9881342
8302422
10692669
10203473
10649971
11702344
10755438
11215834
9478777
9073927
10205577
220072572
9320415
220037304
11273634
9498181
8134427
10798932
10879398
7830912
9495812
9498181
220066402
11757172
11662785
11725762
7869904
8300501
10254122
8663796
9309022
11466013
9264256
9794821
10790630
220070603
7826086
7864103
10345731
10861864
9168705
220042626
11440097
8894394
10939786
11378090
10430479
11373189
10008842
9588240
8849570
10615681
220071929
8128042
10984234
10264381
10897105
10870638
10757831
7907186
10867514
8439469
8675945
8675945
8136868
7819569
9118384
8122779
9559261
10690042
9458341
7907186
220070601
8842708
8582638
11628667
130561
220072728
10676669
220072709
10264381
220022323
11614082
8307698
11571673
10939786
10867144
8281013
8383017
7800892
10479657
10311632
11009486
9905555
8782945
7677518
10441443
8481606
8174945
11435975
11451972
10577103
11451319
10664850
50069837
10992970
8261082
8098569
8985800
8929359
11571673
8395157
8835958
10855723
7768835
9505485
9309905
8265863
8039543
11326730
8120860
9190182
9400370
8625918
7898061
8567422
8771538
9490221
220072499
7962577
8180141
8567422
8176522
7836233
220072499
8877905
11472387
8730279
8493590
10591485
7993268
9540383
220062190
10990851
9540383
8274742
11587030
8282862
9971106
8251586
9605812
220068444
8262657
10007085
8670499
10888902
8566124
7891352
8921544
8704051
8647232
3400901
8059069
8059069
10584070
9928146
9154691
11146384
8263524
8566159
7985721
220041160
10961840
9971106
7940818
9672370
11555863
7823449
8730279
11064530
9422858
10465871
10869153
8922025
8325864
10812262
10007087
7820267
8308351
220061115
7910324
10990851
8593384
7827745
8056324
8804540
8722970
220035650
10584112
11674967
8811157
9227465
11075744
8094431
8094431
11466614
10789928
10880883
220073157
8242935
9214304
10007089
11040202
9455837
8951473
10976770
8160459
11342574
10007090
9324590
7733767
8056324
10146614
10389233
8195111
9146482
220049130
9279592
8122497
10306874
8302289
9852525
8930984
9805195
8788387
11035940
7950975
8858107
8550266
7965468
9633506
9112018
8277626
8929359
9971106
8367025
8260665
8140726
8430221
8244687
8631801
10685858
10007092
10573788
8274935
11259289
10990851
10994734
11503045
9696217
10007096
7741881
9579532
8925153
11190224
8708200
10305532
11113163
7822686
220034282
9896336
8890325
9029216
11567252
8413473
10400424
7988567
8152976
8244687
11655484
8111592
8155155
10137216
7918492
8676235
11467645
8127135
9632615
9324590
220067755
7837451
10313654
10818044
9593195
10175338
9324127
10050806
8121366
220034344
8570523
8173070
8173879
8954699
8930430
8177364
8121367
9308037
10170831
7755800
8833479
11571673
7876796
10560736
8395157
50001528
8538285
10170831
8739339
9600581
8386576
10397725
9343176
11454002
8785162
2069
8491628
8538285
7879060
8056324
220033277
8372329
8672630
7801103
11259289
10445905
9846011
10175292
10692770
220013926
9445361
9584264
10830397
7730650
9136704
8487688
7833358
220070589
7886014
8739339
9017524
10175292
8391457
8788217
8128031
10248819
7809682
8631707
10423892
10175292
220003147
11014617
220003147
220070866
9017524
220028616
9305875
7801173
10787215
7801103
8374122
11654206
8062879
8788217
8053823
8111585
8605824
8374757
9335160
7786354
220064345
11105590
8474298
8109899
8947578
8062879
8090597
7707380
8395157
8056324
10915092
11685594
7856365
11270987
11221704
8474298
8901728
10903583
11096611
10291723
8060053
10673225
10291723
10950423
8300973
9308837
9337328
10638968
92991
8307698
50132825
8540446
76797
9812361
11519983
7976130
9253797
11180611
8141373
11733792
8120665
9360704
8060821
8725271
8540446
8378698
8887968
50123848
10271352
8422188
9500523
9905020
8995637
8558368
9779542
11037502
8583373
11690636
11238785
8367634
11445166
7679210
11443068
9408225
9505309
10642767
10550225
6410134
7864349
8791037
11715703
11418533
8110666
9979695
10678733
7707380
8508522
8508522
8508522
10998634
10678733
7786354
8826939
7984343
7786354
7882416
11047756
10990851
8735195
10798495
11288835
8431524
10719374
8117330
9664974
9248544
8540446
220041160
11259289
7791594
7997830
8165761
11443068
8859131
11170672
8174306
10499043
7745354
9841223
8771646
9455562
9438429
9805195
8139622
8666197
8307698
7708351
10694411
8935006
7835438
8218893
9217701
8169799
8278307
11653238
10086156
7833047
9360704
10807980
220039876
9360704
8556939
8244687
8368701
7860202
11029491
8972911
10679150
9934528
10687743
9968604
11471451
9454652
7731159
220073043
10330464
220073048
9886062
10648123
10240907
220073133
9841009
9334229
10959376
9741078
220073056
9360704
7845194
10638919
9627477
9214304
9811007
11029491
8053665
10435806
10126025
9825956
8570218
9968604
220073075
9886062
9445729
9968604
7845194
9357403
7845194
220070356
220071122
7885575
9005847
11036786
11654188
11654207
10007072
7885575
9641973
8655761
10248497
8634992
8713138
7713188
220073090
220073063
8080356
8563981
9500864
10972452
9175824
9264687
11301450
10623304
220073114
9651725
9277229
11720431
220073114
9203563
220070622
9203563
9203563
10894082
9722030
220072555
9655881
8591685
10784997
220073105
11163727
11163727
11275107
11144564
220073110
10435155
10230727
220073141
9037292
11710056
10159604
8081011
9281920
10137720
10159604
10581003
7816830
8820277
11640823
8820277
9913731
220070587
9589760
9801949
8872814
10957261
9629094
220069626
50052128
8844686
9971106
10074590
10074590
220072591
8719388
9965403
8163559
7727102
220056139
7724954
10385641
8007300
11571673
10409700
10007566
8661350
220046125
10559644
11246686
9622154
9809071
10743368
9559374
8135919
220072490
10203473
10761104
9621484
220073204
8047350
220067204
8175454
10141949
10891767
7833186
10743368
11259289
10593311
8250363
7810296
220046125
10613296
8612545
8032344
8282906
8476843
11327286
11727414
9166227
11501856
220059672
8920826
9715957
8587240
7869904
220035917
220060751
7845451
220069724
10417729
9187151
7753390
220035917
8944666
9823160
220069864
4831792
11400145
220070618
9306759
9319493
10388537
10901978
9980242
10445630
9259174
220034328
11532637
7791630
220045662
7730650
11318760
8587095
220066254
220070606
11314950
9685787
11238785
10394121
11750972
9584264
8484605
7856568
10290339
8584708
9703093
9202731
10634873
220070356
10499043
10384726
11436604
8917612
9371442
10801399
11564043
8129239
9816839
10199666
9865663
11555863
9899392
11072103
9962123
10622524
9865663
11170159
11609272
220067885
10462973
220035377
8084620
10675900
11496117
11126726
220070601
11378417
220059065
9933541
11762473
11662592
8894156
10023235
10690166
50207447
8624545
11318760
9014530
11594791
11301450
9920503
11029425
9257026
9088163
8478543
50049807
10634300
8244687
8836906
8427859
220022917
10848349
8549849
8332656
50202217
11671346
9352243
9359930
11660737
8829808
220023201
10567524
220008813
10869993
11671535
9880557
10956785
9423383
9658437
9352463
11426151
10685808
220008640
10512885
11183341
11629739
11671342
9352463
9942614
220004902
50215328
11539061
11085837
11539061
11426151
220025439
11556033
11676131
220004904
11554989
9163368
10493820
11315512
11325402
9259600
10791534
11315512
11556338
11671276
10833084
9870634
8195497
10812718
8328041
220068071
11693661
10784949
9428769
11672472
11325402
220042965
8872197
9428769
11325402
8816028
11569543
50205541
7840912
9471947
9697324
11040068
9020140
10524898
9126848
8989280
10989605
9102141
9166833
10932869
9472999
10675027
10675027
10307759
9376603
8371805
10071804
8371685
9534039
9483306
11333869
10720169
10064508
9461629
9820271
8655718
9275965
8000132
11129269
9205059
50202069
9188333
10987410
10303471
11124207
9995158
10640323
10303189
10303441
50151445
10167999
10006169
9461629
10006169
9995159
9652441
8564836
10298924
220054236
9467530
11096376
10418235
9317766
220055538
10059156
10674888
9807269
8211362
10933040
10774573
9709216
8373047
9148565
9140396
8835278
10073310
8374725
9016920
10141769
8833436
9313087
9132774
9433366
9307198
50015950
9307198
50015950
9838690
8377371
10639861
11076917
10639861
11076917
10280797
10412546
10047332
7992610
9618378
8373703
8858189
10881343
11275680
11076487
8934659
9017562
10149095
10842004
11290205
9194502
11208718
10720359
9382773
8890528
10125121
10675443
9370281
10221802
10436747
9227439
10774641
9513579
10278558
9087924
8381961
10830291
10932281
50187364
8833425
9125809
10092883
9313920
11242378
8535307
8383836
8832838
10600032
10205961
8256083
10205961
8256083
9571045
8308390
10720143
10243364
11032796
9316362
11334125
10675719
10126702
8640717
8504398
9763058
10303210
9298457
8733599
10313615
9977272
10773894
9533203
11334002
10238652
11129534
8389417
10774362
8832924
9533060
9115123
10059190
8889889
9566965
8558090
8372882
50092678
8387075
9787461
8710066
8391363
8594182
8594182
8384777
8271190
8432225
9629310
9151928
10259095
9791593
9193816
10165122
8710460
10017424
7799301
8194719
8384185
8557160
8236506
10313398
10313398
8389417
9709216
9934234
8075154
9934234
8075154
10436747
9376965
9102141
50151445
9376603
9205059
9763058
220003431
10059156
9525245
10936623
10010405
220025525
220025526
220025526
220066124
8174060
8641074
9906795
10064508
10674888
8792528
8792528
8591027
10289327
9951537
9789900
8374725
8710460
9376603
9376603
8374725
10436747
9376603
9479899
8557971
8376385
9026095
8385440
8384379
9209303
8726045
9209303
8723585
10303441
10300058
9133954
8377386
9036216
9036216
8374725
9209310
9315373
8389186
8089575
8593738
10501790
9925835
8593729
8389902
8792552
8371904
9640913
10006595
9767706
220006604
10412879
8832838
10155618
8981869
8753384
8371828
8372124
9183082
9767721
8890214
9318952
8175336
8382472
8389329
10594187
8377817
8376640
8378330
8792528
8382398
10405905
9470877
8389696
8377710
10158924
8934659
9306633
9712748
8370254
10674966
10058153
10058153
9652603
8796418
8796418
8818448
10449595
10958360
11041778
9488176
220018984
11613497
10187576
10476998
8328454
10790961
9115124
8606466
8434497
220068150
11126190
8328454
11350958
9186665
11283816
10690699
220068150
11126061
11126066
220067356
50022028
220065041
9310300
10526733
11122418
10443682
11126186
11126190
11126195
11126195
11126195
10714069
10920594
11489981
9153380
8030341
9563525
10626673
10626673
9693217
9563525
11126363
10004628
11126193
11126125
11126374
11126372
9280530
11126374
10920594
8327592
10920594
11705246
11617134
8652335
11705099
9847922
11113550
10541086
11383411
10699515
10313934
9783868
10393185
9778743
11670427
10467596
11670427
11639969
11203053
8719490
8280978
10290110
11258710
10699515
10487926
9441974
9005455
220067498
50146422
8258093
9770700
9356541
9616395
11748299
10131991
8218201
8595070
8595070
10520667
11412707
10476998
8776820
10623835
11714086
8218201
10638598
11275053
11690708
11754262
9943538
10606991
11194451
10606991
10638598
11674769
10740857
9918509
10041317
11707790
8189729
8647257
9796277
10350040
8323698
10058646
10464614
10045194
8433807
7907502
10205475
9378606
220069176
11063566
9213598
50164518
10553684
11674769
10426578
10668609
9579951
10884536
10532328
50067799
8189537
9272939
9272938
9919174
220053861
9425458
11571643
11594472
9266603
9348341
10097324
7782673
10962132
10281027
11594472
11571643
10925875
220042990
11187094
10326131
11040261
10062368
8896174
9910013
11040261
10062368
11505226
50214843
10582516
9227552
8501188
9335012
10186634
220067498
11417583
8595089
11189509
10341293
10384484
9925470
11161906
9215860
10652852
10120668
11263889
10744472
10196887
220067521
10909986
10943107
9315361
11203217
8882693
10889915
11489167
10596163
9219555
8620091
11370109
10971614
9576776
11634091
10356201
10718903
10553060
9690963
10965643
11634310
8994602
7871876
220069254
11674639
9508384
8893412
220069257
9777665
10507798
9670168
10105031
9483441
10384386
9072817
9123815
9266399
8665568
8721128
9053809
8215557
8275316
9722711
11721204
10683307
8243820
10985727
8942459
9717410
8960971
9081759
10104597
220064779
10484332
9261180
9892347
9054144
8964207
11009445
10006394
7747514
10561416
50202649
10576140
10521632
9596314
50197524
9464341
8652221
9395333
8147971
8782192
9791447
10627802
10323132
11483608
9073723
50104016
8657930
11741171
9158149
9144223
8976183
10259920
220069197
11676408
11676407
10612708
220069201
220069257
220069203
220069228
11309077
9101216
8951447
7854539
10962629
9947715
11126363
7749021
8462085
8606708
8752987
8606708
11655250
11607148
10361724
8858094
10521437
7757389
10516479
8746854
9525290
11607224
220015618
11122411
9596191
220056378
220056378
9769831
9935109
10085536
11122373
10197950
7887607
9596191
7889512
10240246
9075375
10803268
10932953
8846306
9802382
10932953
8378251
10389984
10720433
11132970
10389984
10389985
10443681
11229016
220061583
9163944
8763620
10303916
8889107
9048583
10044479
10135592
10303916
10303916
9484315
8272772
10523821
10135594
11604023
11616236
11604039
11604023
11604039
10197950
9819580
11602235
11428676
10295621
9596191
9540122
10047763
9541873
10774253
9874263
9882154
9541873
8760306
9540122
9596191
9651917
